4 4

10;10;0;1,0;1;1;1
10.09;10.09;0;1,0;1;1;1
10.18;10.18;0;1,0;1;1;1
10.27;10.27;0;1,0;1;1;1
10.36;10.36;0;1,0;1;1;1
10.45;10.45;0;1,0;1;1;1
10.54;10.54;0;1,0;1;1;1
10.63;10.63;0;1,0;1;1;1
10.72;10.72;0;1,0;1;1;1
10.81;10.81;0;1,0;1;1;1
10.9;10.9;0;1,0;1;1;1
10.99;10.99;0;1,0;1;1;1
11.08;11.08;0;1,0;1;1;1
11.17;11.17;0;1,0;1;1;1
11.26;11.26;0;1,0;1;1;1
11.35;11.35;0;1,0;1;1;1
11.44;11.44;0;1,0;1;1;1
11.53;11.53;0;1,0;1;1;1
11.62;11.62;0;1,0;1;1;1
11.71;11.71;0;1,0;1;1;1
11.8;11.8;0;1,0;1;1;1
11.89;11.89;0;1,0;1;1;1
11.98;11.98;0;1,0;1;1;1
12.07;12.07;0;1,0;1;1;1
12.16;12.16;0;1,0;1;1;1
12.25;12.25;0;1,0;1;1;1
12.34;12.34;0;1,0;1;1;1
12.43;12.43;0;1,0;1;1;1
12.52;12.52;0;1,0;1;1;1
12.61;12.61;0;1,0;1;1;1
12.7;12.7;0;1,0;1;1;1
12.79;12.79;0;1,0;1;1;1
12.88;12.88;0;1,0;1;1;1
12.97;12.97;0;1,0;1;1;1
13.06;13.06;0;1,0;1;1;1
13.15;13.15;0;1,0;1;1;1
13.24;13.24;0;1,0;1;1;1
13.33;13.33;0;1,0;1;1;1
13.42;13.42;0;1,0;1;1;1
13.51;13.51;0;1,0;1;1;1
13.6;13.6;0;1,0;1;1;1
13.69;13.69;0;1,0;1;1;1
13.78;13.78;0;1,0;1;1;1
13.87;13.87;0;1,0;1;1;1
13.96;13.96;0;1,0;1;1;1
14.05;14.05;0;1,0;1;1;1
14.14;14.14;0;1,0;1;1;1
14.23;14.23;0;1,0;1;1;1
14.32;14.32;0;1,0;1;1;1
14.41;14.41;0;1,0;1;1;1
14.5;14.5;0;1,0;1;1;1
14.59;14.59;0;1,0;1;1;1
14.68;14.68;0;1,0;1;1;1
14.77;14.77;0;1,0;1;1;1
14.86;14.86;0;1,0;1;1;1
14.95;14.95;0;1,0;1;1;1
15.04;15.04;0;1,0;1;1;1
15.13;15.13;0;1,0;1;1;1
15.22;15.22;0;1,0;1;1;1
15.31;15.31;0;1,0;1;1;1
15.4;15.4;0;1,0;1;1;1
15.49;15.49;0;1,0;1;1;1
15.58;15.58;0;1,0;1;1;1
15.67;15.67;0;1,0;1;1;1
15.76;15.76;0;1,0;1;1;1
15.85;15.85;0;1,0;1;1;1
15.94;15.94;0;1,0;1;1;1
16.03;16.03;0;1,0;1;1;1
16.12;16.12;0;1,0;1;1;1
16.21;16.21;0;1,0;1;1;1
16.3;16.3;0;1,0;1;1;1
16.39;16.39;0;1,0;1;1;1
16.48;16.48;0;1,0;1;1;1
16.57;16.57;0;1,0;1;1;1
16.66;16.66;0;1,0;1;1;1
16.75;16.75;0;1,0;1;1;1
16.84;16.84;0;1,0;1;1;1
16.93;16.93;0;1,0;1;1;1
17.02;17.02;0;1,0;1;1;1
17.11;17.11;0;1,0;1;1;1
17.2;17.2;0;1,0;1;1;1
17.29;17.29;0;1,0;1;1;1
17.38;17.38;0;1,0;1;1;1
17.47;17.47;0;1,0;1;1;1
17.56;17.56;0;1,0;1;1;1
17.65;17.65;0;1,0;1;1;1
17.74;17.74;0;1,0;1;1;1
17.83;17.83;0;1,0;1;1;1
17.92;17.92;0;1,0;1;1;1
18.01;18.01;0;1,0;1;1;1
18.1;18.1;0;1,0;1;1;1
18.19;18.19;0;1,0;1;1;1
18.28;18.28;0;1,0;1;1;1
18.37;18.37;0;1,0;1;1;1
18.46;18.46;0;1,0;1;1;1
18.55;18.55;0;1,0;1;1;1
18.64;18.64;0;1,0;1;1;1
18.73;18.73;0;1,0;1;1;1
18.82;18.82;0;1,0;1;1;1
18.91;18.91;0;1,0;1;1;1
19;19;0;1,0;1;1;1
19.09;19.09;0;1,0;1;1;1
19.18;19.18;0;1,0;1;1;1
19.27;19.27;0;1,0;1;1;1
19.36;19.36;0;1,0;1;1;1
19.45;19.45;0;1,0;1;1;1
19.54;19.54;0;1,0;1;1;1
19.63;19.63;0;1,0;1;1;1
19.72;19.72;0;1,0;1;1;1
19.81;19.81;0;1,0;1;1;1
19.9;19.9;0;1,0;1;1;1
19.99;19.99;0;1,0;1;1;1
20.08;20.08;0;1,0;1;1;1
20.17;20.17;0;1,0;1;1;1
20.26;20.26;0;1,0;1;1;1
20.35;20.35;0;1,0;1;1;1
20.44;20.44;0;1,0;1;1;1
20.53;20.53;0;1,0;1;1;1
20.62;20.62;0;1,0;1;1;1
20.71;20.71;0;1,0;1;1;1
20.8;20.8;0;1,0;1;1;1
20.89;20.89;0;1,0;1;1;1
20.98;20.98;0;1,0;1;1;1
21.07;21.07;0;1,0;1;1;1
21.16;21.16;0;1,0;1;1;1
21.25;21.25;0;1,0;1;1;1
21.34;21.34;0;1,0;1;1;1
21.43;21.43;0;1,0;1;1;1
21.52;21.52;0;1,0;1;1;1
21.61;21.61;0;1,0;1;1;1
21.7;21.7;0;1,0;1;1;1
21.79;21.79;0;1,0;1;1;1
21.88;21.88;0;1,0;1;1;1
21.97;21.97;0;1,0;1;1;1
22.06;22.06;0;1,0;1;1;1
22.15;22.15;0;1,0;1;1;1
22.24;22.24;0;1,0;1;1;1
22.33;22.33;0;1,0;1;1;1
22.42;22.42;0;1,0;1;1;1
22.51;22.51;0;1,0;1;1;1
22.6;22.6;0;1,0;1;1;1
22.69;22.69;0;1,0;1;1;1
22.78;22.78;0;1,0;1;1;1
22.87;22.87;0;1,0;1;1;1
22.96;22.96;0;1,0;1;1;1
23.05;23.05;0;1,0;1;1;1
23.14;23.14;0;1,0;1;1;1
23.23;23.23;0;1,0;1;1;1
23.32;23.32;0;1,0;1;1;1
23.41;23.41;0;1,0;1;1;1
23.5;23.5;0;1,0;1;1;1
23.59;23.59;0;1,0;1;1;1
23.68;23.68;0;1,0;1;1;1
23.77;23.77;0;1,0;1;1;1
23.86;23.86;0;1,0;1;1;1
23.95;23.95;0;1,0;1;1;1
24.04;24.04;0;1,0;1;1;1
24.13;24.13;0;1,0;1;1;1
24.22;24.22;0;1,0;1;1;1
24.31;24.31;0;1,0;1;1;1
24.4;24.4;0;1,0;1;1;1
24.49;24.49;0;1,0;1;1;1
24.58;24.58;0;1,0;1;1;1
24.67;24.67;0;1,0;1;1;1
24.76;24.76;0;1,0;1;1;1
24.85;24.85;0;1,0;1;1;1
24.94;24.94;0;1,0;1;1;1
25.03;25.03;0;1,0;1;1;1
25.12;25.12;0;1,0;1;1;1
25.21;25.21;0;1,0;1;1;1
25.3;25.3;0;1,0;1;1;1
25.39;25.39;0;1,0;1;1;1
25.48;25.48;0;1,0;1;1;1
25.57;25.57;0;1,0;1;1;1
25.66;25.66;0;1,0;1;1;1
25.75;25.75;0;1,0;1;1;1
25.84;25.84;0;1,0;1;1;1
25.93;25.93;0;1,0;1;1;1
26.02;26.02;0;1,0;1;1;1
26.11;26.11;0;1,0;1;1;1
26.2;26.2;0;1,0;1;1;1
26.29;26.29;0;1,0;1;1;1
26.38;26.38;0;1,0;1;1;1
26.47;26.47;0;1,0;1;1;1
26.56;26.56;0;1,0;1;1;1
26.65;26.65;0;1,0;1;1;1
26.74;26.74;0;1,0;1;1;1
26.83;26.83;0;1,0;1;1;1
26.92;26.92;0;1,0;1;1;1
27.01;27.01;0;1,0;1;1;1
27.1;27.1;0;1,0;1;1;1
27.19;27.19;0;1,0;1;1;1
27.28;27.28;0;1,0;1;1;1
27.37;27.37;0;1,0;1;1;1
27.46;27.46;0;1,0;1;1;1
27.55;27.55;0;1,0;1;1;1
27.64;27.64;0;1,0;1;1;1
27.73;27.73;0;1,0;1;1;1
27.82;27.82;0;1,0;1;1;1
27.91;27.91;0;1,0;1;1;1
28;28;0;1,0;1;1;1
28.09;28.09;0;1,0;1;1;1
28.18;28.18;0;1,0;1;1;1
28.27;28.27;0;1,0;1;1;1
28.36;28.36;0;1,0;1;1;1
28.45;28.45;0;1,0;1;1;1
28.54;28.54;0;1,0;1;1;1
28.63;28.63;0;1,0;1;1;1
28.72;28.72;0;1,0;1;1;1
28.81;28.81;0;1,0;1;1;1
28.9;28.9;0;1,0;1;1;1
28.99;28.99;0;1,0;1;1;1
29.08;29.08;0;1,0;1;1;1
29.17;29.17;0;1,0;1;1;1
29.26;29.26;0;1,0;1;1;1
29.35;29.35;0;1,0;1;1;1
29.44;29.44;0;1,0;1;1;1
29.53;29.53;0;1,0;1;1;1
29.62;29.62;0;1,0;1;1;1
29.71;29.71;0;1,0;1;1;1
29.8;29.8;0;1,0;1;1;1
29.89;29.89;0;1,0;1;1;1
29.98;29.98;0;1,0;1;1;1
30.07;30.07;0;1,0;1;1;1
30.16;30.16;0;1,0;1;1;1
30.25;30.25;0;1,0;1;1;1
30.34;30.34;0;1,0;1;1;1
30.43;30.43;0;1,0;1;1;1
30.52;30.52;0;1,0;1;1;1
30.61;30.61;0;1,0;1;1;1
30.7;30.7;0;1,0;1;1;1
30.79;30.79;0;1,0;1;1;1
30.88;30.88;0;1,0;1;1;1
30.97;30.97;0;1,0;1;1;1
31.06;31.06;0;1,0;1;1;1
31.15;31.15;0;1,0;1;1;1
31.24;31.24;0;1,0;1;1;1
31.33;31.33;0;1,0;1;1;1
31.42;31.42;0;1,0;1;1;1
31.51;31.51;0;1,0;1;1;1
31.6;31.6;0;1,0;1;1;1
31.69;31.69;0;1,0;1;1;1
31.78;31.78;0;1,0;1;1;1
31.87;31.87;0;1,0;1;1;1
31.96;31.96;0;1,0;1;1;1
32.05;32.05;0;1,0;1;1;1
32.14;32.14;0;1,0;1;1;1
32.23;32.23;0;1,0;1;1;1
32.32;32.32;0;1,0;1;1;1
32.41;32.41;0;1,0;1;1;1
32.5;32.5;0;1,0;1;1;1
32.59;32.59;0;1,0;1;1;1
32.68;32.68;0;1,0;1;1;1
32.77;32.77;0;1,0;1;1;1
32.86;32.86;0;1,0;1;1;1
32.95;32.95;0;1,0;1;1;1
33.04;33.04;0;1,0;1;1;1
33.13;33.13;0;1,0;1;1;1
33.22;33.22;0;1,0;1;1;1
33.31;33.31;0;1,0;1;1;1
33.4;33.4;0;1,0;1;1;1
33.49;33.49;0;1,0;1;1;1
33.58;33.58;0;1,0;1;1;1
33.67;33.67;0;1,0;1;1;1
33.76;33.76;0;1,0;1;1;1
33.85;33.85;0;1,0;1;1;1
33.94;33.94;0;1,0;1;1;1
34.03;34.03;0;1,0;1;1;1
34.12;34.12;0;1,0;1;1;1
34.21;34.21;0;1,0;1;1;1
34.3;34.3;0;1,0;1;1;1
34.39;34.39;0;1,0;1;1;1
34.48;34.48;0;1,0;1;1;1
34.57;34.57;0;1,0;1;1;1
34.66;34.66;0;1,0;1;1;1
34.75;34.75;0;1,0;1;1;1
34.84;34.84;0;1,0;1;1;1
34.93;34.93;0;1,0;1;1;1
35.02;35.02;0;1,0;1;1;1
35.11;35.11;0;1,0;1;1;1
35.2;35.2;0;1,0;1;1;1
35.29;35.29;0;1,0;1;1;1
35.38;35.38;0;1,0;1;1;1
35.47;35.47;0;1,0;1;1;1
35.56;35.56;0;1,0;1;1;1
35.65;35.65;0;1,0;1;1;1
35.74;35.74;0;1,0;1;1;1
35.83;35.83;0;1,0;1;1;1
35.92;35.92;0;1,0;1;1;1
36.01;36.01;0;1,0;1;1;1
36.1;36.1;0;1,0;1;1;1
36.19;36.19;0;1,0;1;1;1
36.28;36.28;0;1,0;1;1;1
36.37;36.37;0;1,0;1;1;1
36.46;36.46;0;1,0;1;1;1
36.55;36.55;0;1,0;1;1;1
36.64;36.64;0;1,0;1;1;1
36.73;36.73;0;1,0;1;1;1
36.82;36.82;0;1,0;1;1;1
36.91;36.91;0;1,0;1;1;1
37;37;0;1,0;1;1;1
37.09;37.09;0;1,0;1;1;1
37.18;37.18;0;1,0;1;1;1
37.27;37.27;0;1,0;1;1;1
37.36;37.36;0;1,0;1;1;1
37.45;37.45;0;1,0;1;1;1
37.54;37.54;0;1,0;1;1;1
37.63;37.63;0;1,0;1;1;1
37.72;37.72;0;1,0;1;1;1
37.81;37.81;0;1,0;1;1;1
37.9;37.9;0;1,0;1;1;1
37.99;37.99;0;1,0;1;1;1
38.08;38.08;0;1,0;1;1;1
38.17;38.17;0;1,0;1;1;1
38.26;38.26;0;1,0;1;1;1
38.35;38.35;0;1,0;1;1;1
38.44;38.44;0;1,0;1;1;1
38.53;38.53;0;1,0;1;1;1
38.6199;38.6199;0;1,0;1;1;1
38.7099;38.7099;0;1,0;1;1;1
38.7999;38.7999;0;1,0;1;1;1
38.8899;38.8899;0;1,0;1;1;1
38.9799;38.9799;0;1,0;1;1;1
39.0699;39.0699;0;1,0;1;1;1
39.1599;39.1599;0;1,0;1;1;1
39.2499;39.2499;0;1,0;1;1;1
39.3399;39.3399;0;1,0;1;1;1
39.4299;39.4299;0;1,0;1;1;1
39.5199;39.5199;0;1,0;1;1;1
39.6099;39.6099;0;1,0;1;1;1
39.6999;39.6999;0;1,0;1;1;1
39.7899;39.7899;0;1,0;1;1;1
39.8799;39.8799;0;1,0;1;1;1
39.9699;39.9699;0;1,0;1;1;1
40.0599;40.0599;0;1,0;1;1;1
40.1499;40.1499;0;1,0;1;1;1
40.2399;40.2399;0;1,0;1;1;1
40.3299;40.3299;0;1,0;1;1;1
40.4199;40.4199;0;1,0;1;1;1
40.5099;40.5099;0;1,0;1;1;1
40.5999;40.5999;0;1,0;1;1;1
40.6899;40.6899;0;1,0;1;1;1
40.7799;40.7799;0;1,0;1;1;1
40.8699;40.8699;0;1,0;1;1;1
40.9599;40.9599;0;1,0;1;1;1
41.0499;41.0499;0;1,0;1;1;1
41.1399;41.1399;0;1,0;1;1;1
41.2299;41.2299;0;1,0;1;1;1
41.3199;41.3199;0;1,0;1;1;1
41.4099;41.4099;0;1,0;1;1;1
41.4999;41.4999;0;1,0;1;1;1
41.5899;41.5899;0;1,0;1;1;1
41.6799;41.6799;0;1,0;1;1;1
41.7699;41.7699;0;1,0;1;1;1
41.8599;41.8599;0;1,0;1;1;1
41.9499;41.9499;0;1,0;1;1;1
42.0399;42.0399;0;1,0;1;1;1
42.1299;42.1299;0;1,0;1;1;1
42.2199;42.2199;0;1,0;1;1;1
42.3099;42.3099;0;1,0;1;1;1
42.3999;42.3999;0;1,0;1;1;1
42.4899;42.4899;0;1,0;1;1;1
42.5799;42.5799;0;1,0;1;1;1
42.6699;42.6699;0;1,0;1;1;1
42.7599;42.7599;0;1,0;1;1;1
42.8499;42.8499;0;1,0;1;1;1
42.9399;42.9399;0;1,0;1;1;1
43.0299;43.0299;0;1,0;1;1;1
43.1199;43.1199;0;1,0;1;1;1
43.2099;43.2099;0;1,0;1;1;1
43.2999;43.2999;0;1,0;1;1;1
43.3899;43.3899;0;1,0;1;1;1
43.4799;43.4799;0;1,0;1;1;1
43.5699;43.5699;0;1,0;1;1;1
43.6599;43.6599;0;1,0;1;1;1
43.7499;43.7499;0;1,0;1;1;1
43.8399;43.8399;0;1,0;1;1;1
43.9299;43.9299;0;1,0;1;1;1
44.0199;44.0199;0;1,0;1;1;1
44.1099;44.1099;0;1,0;1;1;1
44.1999;44.1999;0;1,0;1;1;1
44.2899;44.2899;0;1,0;1;1;1
44.3799;44.3799;0;1,0;1;1;1
44.4699;44.4699;0;1,0;1;1;1
44.5599;44.5599;0;1,0;1;1;1
44.6499;44.6499;0;1,0;1;1;1
44.7399;44.7399;0;1,0;1;1;1
44.8299;44.8299;0;1,0;1;1;1
44.9199;44.9199;0;1,0;1;1;1
45.0099;45.0099;0;1,0;1;1;1
45.0999;45.0999;0;1,0;1;1;1
45.1899;45.1899;0;1,0;1;1;1
45.2799;45.2799;0;1,0;1;1;1
45.3699;45.3699;0;1,0;1;1;1
45.4599;45.4599;0;1,0;1;1;1
45.5499;45.5499;0;1,0;1;1;1
45.6399;45.6399;0;1,0;1;1;1
45.7299;45.7299;0;1,0;1;1;1
45.8199;45.8199;0;1,0;1;1;1
45.9099;45.9099;0;1,0;1;1;1
45.9999;45.9999;0;1,0;1;1;1
46.0899;46.0899;0;1,0;1;1;1
46.1799;46.1799;0;1,0;1;1;1
46.2699;46.2699;0;1,0;1;1;1
46.3598;46.3598;0;1,0;1;1;1
46.4498;46.4498;0;1,0;1;1;1
46.5398;46.5398;0;1,0;1;1;1
46.6298;46.6298;0;1,0;1;1;1
46.7198;46.7198;0;1,0;1;1;1
46.8098;46.8098;0;1,0;1;1;1
46.8998;46.8998;0;1,0;1;1;1
46.9898;46.9898;0;1,0;1;1;1
47.0798;47.0798;0;1,0;1;1;1
47.1698;47.1698;0;1,0;1;1;1
47.2598;47.2598;0;1,0;1;1;1
47.3498;47.3498;0;1,0;1;1;1
47.4398;47.4398;0;1,0;1;1;1
47.5298;47.5298;0;1,0;1;1;1
47.6198;47.6198;0;1,0;1;1;1
47.7098;47.7098;0;1,0;1;1;1
47.7998;47.7998;0;1,0;1;1;1
47.8898;47.8898;0;1,0;1;1;1
47.9798;47.9798;0;1,0;1;1;1
48.0698;48.0698;0;1,0;1;1;1
48.1598;48.1598;0;1,0;1;1;1
48.2498;48.2498;0;1,0;1;1;1
48.3398;48.3398;0;1,0;1;1;1
48.4298;48.4298;0;1,0;1;1;1
48.5198;48.5198;0;1,0;1;1;1
48.6098;48.6098;0;1,0;1;1;1
48.6998;48.6998;0;1,0;1;1;1
48.7898;48.7898;0;1,0;1;1;1
48.8798;48.8798;0;1,0;1;1;1
48.9698;48.9698;0;1,0;1;1;1
49.0598;49.0598;0;1,0;1;1;1
49.1498;49.1498;0;1,0;1;1;1
49.2398;49.2398;0;1,0;1;1;1
49.3298;49.3298;0;1,0;1;1;1
49.4198;49.4198;0;1,0;1;1;1
49.5098;49.5098;0;1,0;1;1;1
49.5998;49.5998;0;1,0;1;1;1
49.6898;49.6898;0;1,0;1;1;1
49.7798;49.7798;0;1,0;1;1;1
49.8698;49.8698;0;1,0;1;1;1
49.9598;49.9598;0;1,0;1;1;1
50.0498;50.0498;0;1,0;1;1;1
50.1398;50.1398;0;1,0;1;1;1
50.2298;50.2298;0;1,0;1;1;1
50.3198;50.3198;0;1,0;1;1;1
50.4098;50.4098;0;1,0;1;1;1
50.4998;50.4998;0;1,0;1;1;1
50.5898;50.5898;0;1,0;1;1;1
50.6798;50.6798;0;1,0;1;1;1
50.7698;50.7698;0;1,0;1;1;1
50.8598;50.8598;0;1,0;1;1;1
50.9498;50.9498;0;1,0;1;1;1
51.0398;51.0398;0;1,0;1;1;1
51.1298;51.1298;0;1,0;1;1;1
51.2198;51.2198;0;1,0;1;1;1
51.3098;51.3098;0;1,0;1;1;1
51.3998;51.3998;0;1,0;1;1;1
51.4898;51.4898;0;1,0;1;1;1
51.5798;51.5798;0;1,0;1;1;1
51.6698;51.6698;0;1,0;1;1;1
51.7598;51.7598;0;1,0;1;1;1
51.8498;51.8498;0;1,0;1;1;1
51.9398;51.9398;0;1,0;1;1;1
52.0298;52.0298;0;1,0;1;1;1
52.1198;52.1198;0;1,0;1;1;1
52.2098;52.2098;0;1,0;1;1;1
52.2998;52.2998;0;1,0;1;1;1
52.3898;52.3898;0;1,0;1;1;1
52.4798;52.4798;0;1,0;1;1;1
52.5698;52.5698;0;1,0;1;1;1
52.6598;52.6598;0;1,0;1;1;1
52.7498;52.7498;0;1,0;1;1;1
52.8398;52.8398;0;1,0;1;1;1
52.9298;52.9298;0;1,0;1;1;1
53.0198;53.0198;0;1,0;1;1;1
53.1098;53.1098;0;1,0;1;1;1
53.1998;53.1998;0;1,0;1;1;1
53.2898;53.2898;0;1,0;1;1;1
53.3798;53.3798;0;1,0;1;1;1
53.4698;53.4698;0;1,0;1;1;1
53.5598;53.5598;0;1,0;1;1;1
53.6498;53.6498;0;1,0;1;1;1
53.7398;53.7398;0;1,0;1;1;1
53.8298;53.8298;0;1,0;1;1;1
53.9198;53.9198;0;1,0;1;1;1
54.0098;54.0098;0;1,0;1;1;1
54.0998;54.0998;0;1,0;1;1;1
54.1898;54.1898;0;1,0;1;1;1
54.2798;54.2798;0;1,0;1;1;1
54.3698;54.3698;0;1,0;1;1;1
54.4597;54.4597;0;1,0;1;1;1
54.5497;54.5497;0;1,0;1;1;1
54.6397;54.6397;0;1,0;1;1;1
54.7297;54.7297;0;1,0;1;1;1
54.8197;54.8197;0;1,0;1;1;1
54.9097;54.9097;0;1,0;1;1;1
54.9997;54.9997;0;1,0;1;1;1
55.0897;55.0897;0;1,0;1;1;1
55.1797;55.1797;0;1,0;1;1;1
55.2697;55.2697;0;1,0;1;1;1
55.3597;55.3597;0;1,0;1;1;1
55.4497;55.4497;0;1,0;1;1;1
55.5397;55.5397;0;1,0;1;1;1
55.6297;55.6297;0;1,0;1;1;1
55.7197;55.7197;0;1,0;1;1;1
55.8097;55.8097;0;1,0;1;1;1
55.8997;55.8997;0;1,0;1;1;1
55.9897;55.9897;0;1,0;1;1;1
56.0797;56.0797;0;1,0;1;1;1
56.1697;56.1697;0;1,0;1;1;1
56.2597;56.2597;0;1,0;1;1;1
56.3497;56.3497;0;1,0;1;1;1
56.4397;56.4397;0;1,0;1;1;1
56.5297;56.5297;0;1,0;1;1;1
56.6197;56.6197;0;1,0;1;1;1
56.7097;56.7097;0;1,0;1;1;1
56.7997;56.7997;0;1,0;1;1;1
56.8897;56.8897;0;1,0;1;1;1
56.9797;56.9797;0;1,0;1;1;1
57.0697;57.0697;0;1,0;1;1;1
57.1597;57.1597;0;1,0;1;1;1
57.2497;57.2497;0;1,0;1;1;1
57.3397;57.3397;0;1,0;1;1;1
57.4297;57.4297;0;1,0;1;1;1
57.5197;57.5197;0;1,0;1;1;1
57.6097;57.6097;0;1,0;1;1;1
57.6997;57.6997;0;1,0;1;1;1
57.7897;57.7897;0;1,0;1;1;1
57.8797;57.8797;0;1,0;1;1;1
57.9697;57.9697;0;1,0;1;1;1
58.0597;58.0597;0;1,0;1;1;1
58.1497;58.1497;0;1,0;1;1;1
58.2397;58.2397;0;1,0;1;1;1
58.3297;58.3297;0;1,0;1;1;1
58.4197;58.4197;0;1,0;1;1;1
58.5097;58.5097;0;1,0;1;1;1
58.5997;58.5997;0;1,0;1;1;1
58.6897;58.6897;0;1,0;1;1;1
58.7797;58.7797;0;1,0;1;1;1
58.8697;58.8697;0;1,0;1;1;1
58.9597;58.9597;0;1,0;1;1;1
59.0497;59.0497;0;1,0;1;1;1
59.1397;59.1397;0;1,0;1;1;1
59.2297;59.2297;0;1,0;1;1;1
59.3197;59.3197;0;1,0;1;1;1
59.4097;59.4097;0;1,0;1;1;1
59.4997;59.4997;0;1,0;1;1;1
59.5897;59.5897;0;1,0;1;1;1
59.6797;59.6797;0;1,0;1;1;1
59.7697;59.7697;0;1,0;1;1;1
59.8597;59.8597;0;1,0;1;1;1
59.9497;59.9497;0;1,0;1;1;1
60.0397;60.0397;0;1,0;1;1;1
60.1297;60.1297;0;1,0;1;1;1
60.2197;60.2197;0;1,0;1;1;1
60.3097;60.3097;0;1,0;1;1;1
60.3997;60.3997;0;1,0;1;1;1
60.4897;60.4897;0;1,0;1;1;1
60.5797;60.5797;0;1,0;1;1;1
60.6697;60.6697;0;1,0;1;1;1
60.7597;60.7597;0;1,0;1;1;1
60.8497;60.8497;0;1,0;1;1;1
60.9397;60.9397;0;1,0;1;1;1
61.0297;61.0297;0;1,0;1;1;1
61.1197;61.1197;0;1,0;1;1;1
61.2097;61.2097;0;1,0;1;1;1
61.2997;61.2997;0;1,0;1;1;1
61.3897;61.3897;0;1,0;1;1;1
61.4797;61.4797;0;1,0;1;1;1
61.5697;61.5697;0;1,0;1;1;1
61.6597;61.6597;0;1,0;1;1;1
61.7497;61.7497;0;1,0;1;1;1
61.8397;61.8397;0;1,0;1;1;1
61.9297;61.9297;0;1,0;1;1;1
62.0197;62.0197;0;1,0;1;1;1
62.1096;62.1096;0;1,0;1;1;1
62.1996;62.1996;0;1,0;1;1;1
62.2896;62.2896;0;1,0;1;1;1
62.3796;62.3796;0;1,0;1;1;1
62.4696;62.4696;0;1,0;1;1;1
62.5596;62.5596;0;1,0;1;1;1
62.6496;62.6496;0;1,0;1;1;1
62.7396;62.7396;0;1,0;1;1;1
62.8296;62.8296;0;1,0;1;1;1
62.9196;62.9196;0;1,0;1;1;1
63.0096;63.0096;0;1,0;1;1;1
63.0996;63.0996;0;1,0;1;1;1
63.1896;63.1896;0;1,0;1;1;1
63.2796;63.2796;0;1,0;1;1;1
63.3696;63.3696;0;1,0;1;1;1
63.4596;63.4596;0;1,0;1;1;1
63.5496;63.5496;0;1,0;1;1;1
63.6396;63.6396;0;1,0;1;1;1
63.7296;63.7296;0;1,0;1;1;1
63.8196;63.8196;0;1,0;1;1;1
63.9096;63.9096;0;1,0;1;1;1
63.9996;63.9996;0;1,0;1;1;1
64.0896;64.0896;0;1,0;1;1;1
64.1796;64.1796;0;1,0;1;1;1
64.2696;64.2696;0;1,0;1;1;1
64.3596;64.3596;0;1,0;1;1;1
64.4496;64.4496;0;1,0;1;1;1
64.5396;64.5396;0;1,0;1;1;1
64.6296;64.6296;0;1,0;1;1;1
64.7196;64.7196;0;1,0;1;1;1
64.8096;64.8096;0;1,0;1;1;1
64.8996;64.8996;0;1,0;1;1;1
64.9896;64.9896;0;1,0;1;1;1
65.0796;65.0796;0;1,0;1;1;1
65.1696;65.1696;0;1,0;1;1;1
65.2596;65.2596;0;1,0;1;1;1
65.3496;65.3496;0;1,0;1;1;1
65.4396;65.4396;0;1,0;1;1;1
65.5296;65.5296;0;1,0;1;1;1
65.6196;65.6196;0;1,0;1;1;1
65.7096;65.7096;0;1,0;1;1;1
65.7996;65.7996;0;1,0;1;1;1
65.8896;65.8896;0;1,0;1;1;1
65.9796;65.9796;0;1,0;1;1;1
66.0696;66.0696;0;1,0;1;1;1
66.1596;66.1596;0;1,0;1;1;1
66.2496;66.2496;0;1,0;1;1;1
66.3396;66.3396;0;1,0;1;1;1
66.4296;66.4296;0;1,0;1;1;1
66.5196;66.5196;0;1,0;1;1;1
66.6096;66.6096;0;1,0;1;1;1
66.6996;66.6996;0;1,0;1;1;1
66.7896;66.7896;0;1,0;1;1;1
66.8796;66.8796;0;1,0;1;1;1
66.9696;66.9696;0;1,0;1;1;1
67.0596;67.0596;0;1,0;1;1;1
67.1496;67.1496;0;1,0;1;1;1
67.2396;67.2396;0;1,0;1;1;1
67.3296;67.3296;0;1,0;1;1;1
67.4196;67.4196;0;1,0;1;1;1
67.5096;67.5096;0;1,0;1;1;1
67.5996;67.5996;0;1,0;1;1;1
67.6896;67.6896;0;1,0;1;1;1
67.7796;67.7796;0;1,0;1;1;1
67.8696;67.8696;0;1,0;1;1;1
67.9596;67.9596;0;1,0;1;1;1
68.0496;68.0496;0;1,0;1;1;1
68.1396;68.1396;0;1,0;1;1;1
68.2296;68.2296;0;1,0;1;1;1
68.3196;68.3196;0;1,0;1;1;1
68.4096;68.4096;0;1,0;1;1;1
68.4996;68.4996;0;1,0;1;1;1
68.5896;68.5896;0;1,0;1;1;1
68.6796;68.6796;0;1,0;1;1;1
68.7696;68.7696;0;1,0;1;1;1
68.8596;68.8596;0;1,0;1;1;1
68.9496;68.9496;0;1,0;1;1;1
69.0396;69.0396;0;1,0;1;1;1
69.1296;69.1296;0;1,0;1;1;1
69.2196;69.2196;0;1,0;1;1;1
69.3096;69.3096;0;1,0;1;1;1
69.3996;69.3996;0;1,0;1;1;1
69.4896;69.4896;0;1,0;1;1;1
69.5796;69.5796;0;1,0;1;1;1
69.6696;69.6696;0;1,0;1;1;1
69.7596;69.7596;0;1,0;1;1;1
69.8496;69.8496;0;1,0;1;1;1
69.9396;69.9396;0;1,0;1;1;1
70.0295;70.0295;0;1,0;1;1;1
70.1196;70.1196;0;1,0;1;1;1
70.2095;70.2095;0;1,0;1;1;1
70.2995;70.2995;0;1,0;1;1;1
70.3895;70.3895;0;1,0;1;1;1
70.4795;70.4795;0;1,0;1;1;1
70.5695;70.5695;0;1,0;1;1;1
70.6595;70.6595;0;1,0;1;1;1
70.7495;70.7495;0;1,0;1;1;1
70.8395;70.8395;0;1,0;1;1;1
70.9295;70.9295;0;1,0;1;1;1
71.0195;71.0195;0;1,0;1;1;1
71.1095;71.1095;0;1,0;1;1;1
71.1995;71.1995;0;1,0;1;1;1
71.2895;71.2895;0;1,0;1;1;1
71.3795;71.3795;0;1,0;1;1;1
71.4695;71.4695;0;1,0;1;1;1
71.5595;71.5595;0;1,0;1;1;1
71.6495;71.6495;0;1,0;1;1;1
71.7395;71.7395;0;1,0;1;1;1
71.8295;71.8295;0;1,0;1;1;1
71.9195;71.9195;0;1,0;1;1;1
72.0095;72.0095;0;1,0;1;1;1
72.0995;72.0995;0;1,0;1;1;1
72.1895;72.1895;0;1,0;1;1;1
72.2795;72.2795;0;1,0;1;1;1
72.3695;72.3695;0;1,0;1;1;1
72.4595;72.4595;0;1,0;1;1;1
72.5495;72.5495;0;1,0;1;1;1
72.6395;72.6395;0;1,0;1;1;1
72.7295;72.7295;0;1,0;1;1;1
72.8195;72.8195;0;1,0;1;1;1
72.9095;72.9095;0;1,0;1;1;1
72.9995;72.9995;0;1,0;1;1;1
73.0895;73.0895;0;1,0;1;1;1
73.1795;73.1795;0;1,0;1;1;1
73.2695;73.2695;0;1,0;1;1;1
73.3595;73.3595;0;1,0;1;1;1
73.4495;73.4495;0;1,0;1;1;1
73.5395;73.5395;0;1,0;1;1;1
73.6295;73.6295;0;1,0;1;1;1
73.7195;73.7195;0;1,0;1;1;1
73.8095;73.8095;0;1,0;1;1;1
73.8995;73.8995;0;1,0;1;1;1
73.9895;73.9895;0;1,0;1;1;1
74.0795;74.0795;0;1,0;1;1;1
74.1695;74.1695;0;1,0;1;1;1
74.2595;74.2595;0;1,0;1;1;1
74.3495;74.3495;0;1,0;1;1;1
74.4395;74.4395;0;1,0;1;1;1
74.5295;74.5295;0;1,0;1;1;1
74.6195;74.6195;0;1,0;1;1;1
74.7095;74.7095;0;1,0;1;1;1
74.7995;74.7995;0;1,0;1;1;1
74.8895;74.8895;0;1,0;1;1;1
74.9795;74.9795;0;1,0;1;1;1
75.0695;75.0695;0;1,0;1;1;1
75.1595;75.1595;0;1,0;1;1;1
75.2495;75.2495;0;1,0;1;1;1
75.3395;75.3395;0;1,0;1;1;1
75.4295;75.4295;0;1,0;1;1;1
75.5195;75.5195;0;1,0;1;1;1
75.6095;75.6095;0;1,0;1;1;1
75.6995;75.6995;0;1,0;1;1;1
75.7895;75.7895;0;1,0;1;1;1
75.8795;75.8795;0;1,0;1;1;1
75.9695;75.9695;0;1,0;1;1;1
76.0595;76.0595;0;1,0;1;1;1
76.1495;76.1495;0;1,0;1;1;1
76.2395;76.2395;0;1,0;1;1;1
76.3295;76.3295;0;1,0;1;1;1
76.4195;76.4195;0;1,0;1;1;1
76.5095;76.5095;0;1,0;1;1;1
76.5995;76.5995;0;1,0;1;1;1
76.6895;76.6895;0;1,0;1;1;1
76.7795;76.7795;0;1,0;1;1;1
76.8695;76.8695;0;1,0;1;1;1
76.9595;76.9595;0;1,0;1;1;1
77.0495;77.0495;0;1,0;1;1;1
77.1395;77.1395;0;1,0;1;1;1
77.2295;77.2295;0;1,0;1;1;1
77.3195;77.3195;0;1,0;1;1;1
77.4095;77.4095;0;1,0;1;1;1
77.4995;77.4995;0;1,0;1;1;1
77.5894;77.5894;0;1,0;1;1;1
77.6795;77.6795;0;1,0;1;1;1
77.7694;77.7694;0;1,0;1;1;1
77.8594;77.8594;0;1,0;1;1;1
77.9494;77.9494;0;1,0;1;1;1
78.0394;78.0394;0;1,0;1;1;1
78.1294;78.1294;0;1,0;1;1;1
78.2194;78.2194;0;1,0;1;1;1
78.3094;78.3094;0;1,0;1;1;1
78.3994;78.3994;0;1,0;1;1;1
78.4894;78.4894;0;1,0;1;1;1
78.5794;78.5794;0;1,0;1;1;1
78.6694;78.6694;0;1,0;1;1;1
78.7594;78.7594;0;1,0;1;1;1
78.8494;78.8494;0;1,0;1;1;1
78.9394;78.9394;0;1,0;1;1;1
79.0294;79.0294;0;1,0;1;1;1
79.1194;79.1194;0;1,0;1;1;1
79.2094;79.2094;0;1,0;1;1;1
79.2994;79.2994;0;1,0;1;1;1
79.3894;79.3894;0;1,0;1;1;1
79.4794;79.4794;0;1,0;1;1;1
79.5694;79.5694;0;1,0;1;1;1
79.6594;79.6594;0;1,0;1;1;1
79.7494;79.7494;0;1,0;1;1;1
79.8394;79.8394;0;1,0;1;1;1
79.9294;79.9294;0;1,0;1;1;1
80.0194;80.0194;0;1,0;1;1;1
80.1094;80.1094;0;1,0;1;1;1
80.1994;80.1994;0;1,0;1;1;1
80.2894;80.2894;0;1,0;1;1;1
80.3794;80.3794;0;1,0;1;1;1
80.4694;80.4694;0;1,0;1;1;1
80.5594;80.5594;0;1,0;1;1;1
80.6494;80.6494;0;1,0;1;1;1
80.7394;80.7394;0;1,0;1;1;1
80.8294;80.8294;0;1,0;1;1;1
80.9194;80.9194;0;1,0;1;1;1
81.0094;81.0094;0;1,0;1;1;1
81.0994;81.0994;0;1,0;1;1;1
81.1894;81.1894;0;1,0;1;1;1
81.2794;81.2794;0;1,0;1;1;1
81.3694;81.3694;0;1,0;1;1;1
81.4594;81.4594;0;1,0;1;1;1
81.5494;81.5494;0;1,0;1;1;1
81.6394;81.6394;0;1,0;1;1;1
81.7294;81.7294;0;1,0;1;1;1
81.8194;81.8194;0;1,0;1;1;1
81.9094;81.9094;0;1,0;1;1;1
81.9994;81.9994;0;1,0;1;1;1
82.0894;82.0894;0;1,0;1;1;1
82.1794;82.1794;0;1,0;1;1;1
82.2694;82.2694;0;1,0;1;1;1
82.3594;82.3594;0;1,0;1;1;1
82.4494;82.4494;0;1,0;1;1;1
82.5394;82.5394;0;1,0;1;1;1
82.6294;82.6294;0;1,0;1;1;1
82.7194;82.7194;0;1,0;1;1;1
82.8094;82.8094;0;1,0;1;1;1
82.8994;82.8994;0;1,0;1;1;1
82.9894;82.9894;0;1,0;1;1;1
83.0794;83.0794;0;1,0;1;1;1
83.1694;83.1694;0;1,0;1;1;1
83.2594;83.2594;0;1,0;1;1;1
83.3494;83.3494;0;1,0;1;1;1
83.4394;83.4394;0;1,0;1;1;1
83.5294;83.5294;0;1,0;1;1;1
83.6194;83.6194;0;1,0;1;1;1
83.7094;83.7094;0;1,0;1;1;1
83.7994;83.7994;0;1,0;1;1;1
83.8894;83.8894;0;1,0;1;1;1
83.9794;83.9794;0;1,0;1;1;1
84.0694;84.0694;0;1,0;1;1;1
84.1594;84.1594;0;1,0;1;1;1
84.2494;84.2494;0;1,0;1;1;1
84.3394;84.3394;0;1,0;1;1;1
84.4294;84.4294;0;1,0;1;1;1
84.5194;84.5194;0;1,0;1;1;1
84.6094;84.6094;0;1,0;1;1;1
84.6994;84.6994;0;1,0;1;1;1
84.7894;84.7894;0;1,0;1;1;1
84.8794;84.8794;0;1,0;1;1;1
84.9694;84.9694;0;1,0;1;1;1
85.0594;85.0594;0;1,0;1;1;1
85.1494;85.1494;0;1,0;1;1;1
85.2393;85.2393;0;1,0;1;1;1
85.3294;85.3294;0;1,0;1;1;1
85.4193;85.4193;0;1,0;1;1;1
85.5093;85.5093;0;1,0;1;1;1
85.5993;85.5993;0;1,0;1;1;1
85.6893;85.6893;0;1,0;1;1;1
85.7793;85.7793;0;1,0;1;1;1
85.8693;85.8693;0;1,0;1;1;1
85.9593;85.9593;0;1,0;1;1;1
86.0493;86.0493;0;1,0;1;1;1
86.1393;86.1393;0;1,0;1;1;1
86.2293;86.2293;0;1,0;1;1;1
86.3193;86.3193;0;1,0;1;1;1
86.4093;86.4093;0;1,0;1;1;1
86.4993;86.4993;0;1,0;1;1;1
86.5893;86.5893;0;1,0;1;1;1
86.6793;86.6793;0;1,0;1;1;1
86.7693;86.7693;0;1,0;1;1;1
86.8593;86.8593;0;1,0;1;1;1
86.9493;86.9493;0;1,0;1;1;1
87.0393;87.0393;0;1,0;1;1;1
87.1293;87.1293;0;1,0;1;1;1
87.2193;87.2193;0;1,0;1;1;1
87.3093;87.3093;0;1,0;1;1;1
87.3993;87.3993;0;1,0;1;1;1
87.4893;87.4893;0;1,0;1;1;1
87.5793;87.5793;0;1,0;1;1;1
87.6693;87.6693;0;1,0;1;1;1
87.7593;87.7593;0;1,0;1;1;1
87.8493;87.8493;0;1,0;1;1;1
87.9393;87.9393;0;1,0;1;1;1
88.0293;88.0293;0;1,0;1;1;1
88.1193;88.1193;0;1,0;1;1;1
88.2093;88.2093;0;1,0;1;1;1
88.2993;88.2993;0;1,0;1;1;1
88.3893;88.3893;0;1,0;1;1;1
88.4793;88.4793;0;1,0;1;1;1
88.5693;88.5693;0;1,0;1;1;1
88.6593;88.6593;0;1,0;1;1;1
88.7493;88.7493;0;1,0;1;1;1
88.8393;88.8393;0;1,0;1;1;1
88.9293;88.9293;0;1,0;1;1;1
89.0193;89.0193;0;1,0;1;1;1
89.1093;89.1093;0;1,0;1;1;1
89.1993;89.1993;0;1,0;1;1;1
89.2893;89.2893;0;1,0;1;1;1
89.3793;89.3793;0;1,0;1;1;1
89.4693;89.4693;0;1,0;1;1;1
89.5593;89.5593;0;1,0;1;1;1
89.6493;89.6493;0;1,0;1;1;1
89.7393;89.7393;0;1,0;1;1;1
89.8293;89.8293;0;1,0;1;1;1
89.9193;89.9193;0;1,0;1;1;1
90.0093;90.0093;0;1,0;1;1;1
90.0993;90.0993;0;1,0;1;1;1
90.1893;90.1893;0;1,0;1;1;1
90.2793;90.2793;0;1,0;1;1;1
90.3693;90.3693;0;1,0;1;1;1
90.4593;90.4593;0;1,0;1;1;1
90.5493;90.5493;0;1,0;1;1;1
90.6393;90.6393;0;1,0;1;1;1
90.7293;90.7293;0;1,0;1;1;1
90.8193;90.8193;0;1,0;1;1;1
90.9093;90.9093;0;1,0;1;1;1
90.9993;90.9993;0;1,0;1;1;1
91.0893;91.0893;0;1,0;1;1;1
91.1793;91.1793;0;1,0;1;1;1
91.2693;91.2693;0;1,0;1;1;1
91.3593;91.3593;0;1,0;1;1;1
91.4493;91.4493;0;1,0;1;1;1
91.5393;91.5393;0;1,0;1;1;1
91.6293;91.6293;0;1,0;1;1;1
91.7193;91.7193;0;1,0;1;1;1
91.8093;91.8093;0;1,0;1;1;1
91.8993;91.8993;0;1,0;1;1;1
91.9893;91.9893;0;1,0;1;1;1
92.0793;92.0793;0;1,0;1;1;1
92.1693;92.1693;0;1,0;1;1;1
92.2593;92.2593;0;1,0;1;1;1
92.3493;92.3493;0;1,0;1;1;1
92.4393;92.4393;0;1,0;1;1;1
92.5293;92.5293;0;1,0;1;1;1
92.6193;92.6193;0;1,0;1;1;1
92.7093;92.7093;0;1,0;1;1;1
92.7993;92.7993;0;1,0;1;1;1
92.8893;92.8893;0;1,0;1;1;1
92.9793;92.9793;0;1,0;1;1;1
93.0693;93.0693;0;1,0;1;1;1
93.1593;93.1593;0;1,0;1;1;1
93.2493;93.2493;0;1,0;1;1;1
93.3392;93.3392;0;1,0;1;1;1
93.4293;93.4293;0;1,0;1;1;1
93.5192;93.5192;0;1,0;1;1;1
93.6092;93.6092;0;1,0;1;1;1
93.6992;93.6992;0;1,0;1;1;1
93.7892;93.7892;0;1,0;1;1;1
93.8792;93.8792;0;1,0;1;1;1
93.9692;93.9692;0;1,0;1;1;1
94.0592;94.0592;0;1,0;1;1;1
94.1492;94.1492;0;1,0;1;1;1
94.2392;94.2392;0;1,0;1;1;1
94.3292;94.3292;0;1,0;1;1;1
94.4192;94.4192;0;1,0;1;1;1
94.5092;94.5092;0;1,0;1;1;1
94.5992;94.5992;0;1,0;1;1;1
94.6892;94.6892;0;1,0;1;1;1
94.7792;94.7792;0;1,0;1;1;1
94.8692;94.8692;0;1,0;1;1;1
94.9592;94.9592;0;1,0;1;1;1
95.0492;95.0492;0;1,0;1;1;1
95.1392;95.1392;0;1,0;1;1;1
95.2292;95.2292;0;1,0;1;1;1
95.3192;95.3192;0;1,0;1;1;1
95.4092;95.4092;0;1,0;1;1;1
95.4992;95.4992;0;1,0;1;1;1
95.5892;95.5892;0;1,0;1;1;1
95.6792;95.6792;0;1,0;1;1;1
95.7692;95.7692;0;1,0;1;1;1
95.8592;95.8592;0;1,0;1;1;1
95.9492;95.9492;0;1,0;1;1;1
96.0392;96.0392;0;1,0;1;1;1
96.1292;96.1292;0;1,0;1;1;1
96.2192;96.2192;0;1,0;1;1;1
96.3092;96.3092;0;1,0;1;1;1
96.3992;96.3992;0;1,0;1;1;1
96.4892;96.4892;0;1,0;1;1;1
96.5792;96.5792;0;1,0;1;1;1
96.6692;96.6692;0;1,0;1;1;1
96.7592;96.7592;0;1,0;1;1;1
96.8492;96.8492;0;1,0;1;1;1
96.9392;96.9392;0;1,0;1;1;1
97.0292;97.0292;0;1,0;1;1;1
97.1192;97.1192;0;1,0;1;1;1
97.2092;97.2092;0;1,0;1;1;1
97.2992;97.2992;0;1,0;1;1;1
97.3892;97.3892;0;1,0;1;1;1
97.4792;97.4792;0;1,0;1;1;1
97.5692;97.5692;0;1,0;1;1;1
97.6592;97.6592;0;1,0;1;1;1
97.7492;97.7492;0;1,0;1;1;1
97.8392;97.8392;0;1,0;1;1;1
97.9292;97.9292;0;1,0;1;1;1
98.0192;98.0192;0;1,0;1;1;1
98.1092;98.1092;0;1,0;1;1;1
98.1992;98.1992;0;1,0;1;1;1
98.2892;98.2892;0;1,0;1;1;1
98.3792;98.3792;0;1,0;1;1;1
98.4692;98.4692;0;1,0;1;1;1
98.5592;98.5592;0;1,0;1;1;1
98.6492;98.6492;0;1,0;1;1;1
98.7392;98.7392;0;1,0;1;1;1
98.8292;98.8292;0;1,0;1;1;1
98.9192;98.9192;0;1,0;1;1;1
99.0092;99.0092;0;1,0;1;1;1
99.0992;99.0992;0;1,0;1;1;1
99.1892;99.1892;0;1,0;1;1;1
99.2792;99.2792;0;1,0;1;1;1
99.3692;99.3692;0;1,0;1;1;1
99.4592;99.4592;0;1,0;1;1;1
99.5492;99.5492;0;1,0;1;1;1
99.6392;99.6392;0;1,0;1;1;1
99.7292;99.7292;0;1,0;1;1;1
99.8192;99.8192;0;1,0;1;1;1
99.9092;99.9092;0;1,0;1;1;1
99.9992;99.9992;0;1,0;1;1;1
