4 4

300;151;0;1,0;1;0;1
300.375;151.52;0;1,0;1;0;1
300.75;152.04;0;1,0;1;0;1
301.125;152.56;0;1,0;1;0;1
301.5;153.08;0;1,0;1;0;1
301.875;153.6;0;1,0;1;0;1
302.25;154.12;0;1,0;1;0;1
302.625;154.64;0;1,0;1;0;1
303;155.16;0;1,0;1;0;1
303.375;155.68;0;1,0;1;0;1
303.75;156.2;0;1,0;1;0;1
304.125;156.72;0;1,0;1;0;1
304.5;157.24;0;1,0;1;0;1
304.875;157.76;0;1,0;1;0;1
305.25;158.28;0;1,0;1;0;1
305.625;158.8;0;1,0;1;0;1
306;159.32;0;1,0;1;0;1
306.375;159.84;0;1,0;1;0;1
306.75;160.36;0;1,0;1;0;1
307.125;160.88;0;1,0;1;0;1
307.5;161.4;0;1,0;1;0;1
307.875;161.92;0;1,0;1;0;1
308.25;162.44;0;1,0;1;0;1
308.625;162.96;0;1,0;1;0;1
309;163.48;0;1,0;1;0;1
309.375;164;0;1,0;1;0;1
309.75;164.52;0;1,0;1;0;1
310.125;165.04;0;1,0;1;0;1
310.5;165.56;0;1,0;1;0;1
310.875;166.08;0;1,0;1;0;1
311.25;166.6;0;1,0;1;0;1
311.625;167.12;0;1,0;1;0;1
312;167.64;0;1,0;1;0;1
312.375;168.16;0;1,0;1;0;1
312.75;168.68;0;1,0;1;0;1
313.125;169.2;0;1,0;1;0;1
313.5;169.72;0;1,0;1;0;1
313.875;170.24;0;1,0;1;0;1
314.25;170.76;0;1,0;1;0;1
314.625;171.28;0;1,0;1;0;1
315;171.8;0;1,0;1;0;1
315.375;172.32;0;1,0;1;0;1
315.75;172.84;0;1,0;1;0;1
316.125;173.36;0;1,0;1;0;1
316.5;173.88;0;1,0;1;0;1
316.875;174.4;0;1,0;1;0;1
317.25;174.92;0;1,0;1;0;1
317.625;175.44;0;1,0;1;0;1
318;175.96;0;1,0;1;0;1
318.375;176.48;0;1,0;1;0;1
318.75;177;0;1,0;1;0;1
319.125;177.52;0;1,0;1;0;1
319.5;178.04;0;1,0;1;0;1
319.875;178.56;0;1,0;1;0;1
320.25;179.08;0;1,0;1;0;1
320.625;179.6;0;1,0;1;0;1
321;180.12;0;1,0;1;0;1
321.375;180.64;0;1,0;1;0;1
321.75;181.16;0;1,0;1;0;1
322.125;181.68;0;1,0;1;0;1
322.5;182.2;0;1,0;1;0;1
322.875;182.72;0;1,0;1;0;1
323.25;183.24;0;1,0;1;0;1
323.625;183.76;0;1,0;1;0;1
324;184.28;0;1,0;1;0;1
324.375;184.8;0;1,0;1;0;1
324.75;185.32;0;1,0;1;0;1
325.125;185.84;0;1,0;1;0;1
325.5;186.36;0;1,0;1;0;1
325.875;186.88;0;1,0;1;0;1
326.25;187.4;0;1,0;1;0;1
326.625;187.92;0;1,0;1;0;1
327;188.44;0;1,0;1;0;1
327.375;188.96;0;1,0;1;0;1
327.75;189.48;0;1,0;1;0;1
328.125;190;0;1,0;1;0;1
328.5;190.52;0;1,0;1;0;1
328.875;191.04;0;1,0;1;0;1
329.25;191.56;0;1,0;1;0;1
329.625;192.08;0;1,0;1;0;1
330;192.6;0;1,0;1;0;1
330.375;193.12;0;1,0;1;0;1
330.75;193.64;0;1,0;1;0;1
331.125;194.16;0;1,0;1;0;1
331.5;194.68;0;1,0;1;0;1
331.875;195.2;0;1,0;1;0;1
332.25;195.72;0;1,0;1;0;1
332.625;196.24;0;1,0;1;0;1
333;196.76;0;1,0;1;0;1
333.375;197.28;0;1,0;1;0;1
333.75;197.8;0;1,0;1;0;1
334.125;198.32;0;1,0;1;0;1
334.5;198.84;0;1,0;1;0;1
334.875;199.36;0;1,0;1;0;1
335.25;199.88;0;1,0;1;0;1
335.625;200.4;0;1,0;1;0;1
336;200.92;0;1,0;1;0;1
336.375;201.44;0;1,0;1;0;1
336.75;201.96;0;1,0;1;0;1
337.125;202.48;0;1,0;1;0;1
337.5;203;0;1,0;1;0;1
337.875;203.52;0;1,0;1;0;1
338.25;204.04;0;1,0;1;0;1
338.625;204.56;0;1,0;1;0;1
339;205.08;0;1,0;1;0;1
339.375;205.6;0;1,0;1;0;1
339.75;206.12;0;1,0;1;0;1
340.125;206.64;0;1,0;1;0;1
340.5;207.16;0;1,0;1;0;1
340.875;207.68;0;1,0;1;0;1
341.25;208.2;0;1,0;1;0;1
341.625;208.72;0;1,0;1;0;1
342;209.24;0;1,0;1;0;1
342.375;209.76;0;1,0;1;0;1
342.75;210.28;0;1,0;1;0;1
343.125;210.8;0;1,0;1;0;1
343.5;211.32;0;1,0;1;0;1
343.875;211.84;0;1,0;1;0;1
344.25;212.36;0;1,0;1;0;1
344.625;212.88;0;1,0;1;0;1
345;213.4;0;1,0;1;0;1
345.375;213.92;0;1,0;1;0;1
345.75;214.44;0;1,0;1;0;1
346.125;214.96;0;1,0;1;0;1
346.5;215.48;0;1,0;1;0;1
346.875;216;0;1,0;1;0;1
347.25;216.52;0;1,0;1;0;1
347.625;217.04;0;1,0;1;0;1
348;217.56;0;1,0;1;0;1
348.375;218.08;0;1,0;1;0;1
348.75;218.6;0;1,0;1;0;1
349.125;219.12;0;1,0;1;0;1
349.5;219.64;0;1,0;1;0;1
349.875;220.16;0;1,0;1;0;1
350.25;220.68;0;1,0;1;0;1
350.625;221.2;0;1,0;1;0;1
351;221.72;0;1,0;1;0;1
351.375;222.24;0;1,0;1;0;1
351.75;222.76;0;1,0;1;0;1
352.125;223.28;0;1,0;1;0;1
352.5;223.8;0;1,0;1;0;1
352.875;224.32;0;1,0;1;0;1
353.25;224.84;0;1,0;1;0;1
353.625;225.36;0;1,0;1;0;1
354;225.88;0;1,0;1;0;1
354.375;226.4;0;1,0;1;0;1
354.75;226.92;0;1,0;1;0;1
355.125;227.44;0;1,0;1;0;1
355.5;227.96;0;1,0;1;0;1
355.875;228.48;0;1,0;1;0;1
356.25;229;0;1,0;1;0;1
356.625;229.52;0;1,0;1;0;1
357;230.04;0;1,0;1;0;1
357.375;230.56;0;1,0;1;0;1
357.75;231.08;0;1,0;1;0;1
358.125;231.6;0;1,0;1;0;1
358.5;232.12;0;1,0;1;0;1
358.875;232.64;0;1,0;1;0;1
359.25;233.16;0;1,0;1;0;1
359.625;233.68;0;1,0;1;0;1
360;234.2;0;1,0;1;0;1
360.375;234.72;0;1,0;1;0;1
360.75;235.24;0;1,0;1;0;1
361.125;235.76;0;1,0;1;0;1
361.5;236.28;0;1,0;1;0;1
361.875;236.8;0;1,0;1;0;1
362.25;237.32;0;1,0;1;0;1
362.625;237.84;0;1,0;1;0;1
363;238.36;0;1,0;1;0;1
363.375;238.88;0;1,0;1;0;1
363.75;239.4;0;1,0;1;0;1
364.125;239.92;0;1,0;1;0;1
364.5;240.44;0;1,0;1;0;1
364.875;240.96;0;1,0;1;0;1
365.25;241.48;0;1,0;1;0;1
365.625;242;0;1,0;1;0;1
366;242.52;0;1,0;1;0;1
366.375;243.04;0;1,0;1;0;1
366.75;243.56;0;1,0;1;0;1
367.125;244.08;0;1,0;1;0;1
367.5;244.6;0;1,0;1;0;1
367.875;245.12;0;1,0;1;0;1
368.25;245.64;0;1,0;1;0;1
368.625;246.16;0;1,0;1;0;1
369;246.68;0;1,0;1;0;1
369.375;247.2;0;1,0;1;0;1
369.75;247.72;0;1,0;1;0;1
370.125;248.24;0;1,0;1;0;1
370.5;248.76;0;1,0;1;0;1
370.875;249.28;0;1,0;1;0;1
371.25;249.8;0;1,0;1;0;1
371.625;250.32;0;1,0;1;0;1
372;250.84;0;1,0;1;0;1
372.375;251.36;0;1,0;1;0;1
372.75;251.88;0;1,0;1;0;1
373.125;252.4;0;1,0;1;0;1
373.5;252.92;0;1,0;1;0;1
373.875;253.44;0;1,0;1;0;1
374.25;253.96;0;1,0;1;0;1
374.625;254.48;0;1,0;1;0;1
375;255;0;1,0;1;0;1
