4 4

960;244;0;1,1;0;1;0
959.221;244.001;0;1,1;0;1;0
958.443;244.003;0;1,1;0;1;0
957.667;244.007;0;1,1;0;1;0
956.892;244.012;0;1,1;0;1;0
956.119;244.018;0;1,1;0;1;0
955.348;244.026;0;1,1;0;1;0
954.578;244.036;0;1,1;0;1;0
953.81;244.047;0;1,1;0;1;0
953.043;244.059;0;1,1;0;1;0
952.278;244.073;0;1,1;0;1;0
951.514;244.088;0;1,1;0;1;0
950.752;244.105;0;1,1;0;1;0
949.991;244.123;0;1,1;0;1;0
949.232;244.143;0;1,1;0;1;0
948.474;244.164;0;1,1;0;1;0
947.718;244.186;0;1,1;0;1;0
946.964;244.21;0;1,1;0;1;0
946.211;244.235;0;1,1;0;1;0
945.459;244.262;0;1,1;0;1;0
944.709;244.29;0;1,1;0;1;0
943.961;244.32;0;1,1;0;1;0
943.214;244.351;0;1,1;0;1;0
942.469;244.383;0;1,1;0;1;0
941.725;244.417;0;1,1;0;1;0
940.983;244.452;0;1,1;0;1;0
940.242;244.489;0;1,1;0;1;0
939.502;244.527;0;1,1;0;1;0
938.764;244.566;0;1,1;0;1;0
938.028;244.607;0;1,1;0;1;0
937.293;244.65;0;1,1;0;1;0
936.56;244.693;0;1,1;0;1;0
935.828;244.738;0;1,1;0;1;0
935.098;244.785;0;1,1;0;1;0
934.369;244.833;0;1,1;0;1;0
933.642;244.882;0;1,1;0;1;0
932.916;244.933;0;1,1;0;1;0
932.192;244.985;0;1,1;0;1;0
931.469;245.038;0;1,1;0;1;0
930.747;245.093;0;1,1;0;1;0
930.028;245.149;0;1,1;0;1;0
929.309;245.207;0;1,1;0;1;0
928.592;245.266;0;1,1;0;1;0
927.877;245.326;0;1,1;0;1;0
927.163;245.388;0;1,1;0;1;0
926.451;245.451;0;1,1;0;1;0
925.739;245.515;0;1,1;0;1;0
925.03;245.581;0;1,1;0;1;0
924.322;245.648;0;1,1;0;1;0
923.615;245.717;0;1,1;0;1;0
922.91;245.787;0;1,1;0;1;0
922.206;245.858;0;1,1;0;1;0
921.504;245.931;0;1,1;0;1;0
920.803;246.005;0;1,1;0;1;0
920.104;246.08;0;1,1;0;1;0
919.406;246.157;0;1,1;0;1;0
918.71;246.235;0;1,1;0;1;0
918.015;246.315;0;1,1;0;1;0
917.321;246.395;0;1,1;0;1;0
916.63;246.477;0;1,1;0;1;0
915.939;246.561;0;1,1;0;1;0
915.25;246.646;0;1,1;0;1;0
914.562;246.732;0;1,1;0;1;0
913.876;246.819;0;1,1;0;1;0
913.191;246.908;0;1,1;0;1;0
912.508;246.998;0;1,1;0;1;0
911.826;247.09;0;1,1;0;1;0
911.145;247.182;0;1,1;0;1;0
910.466;247.277;0;1,1;0;1;0
909.789;247.372;0;1,1;0;1;0
909.112;247.469;0;1,1;0;1;0
908.437;247.567;0;1,1;0;1;0
907.764;247.666;0;1,1;0;1;0
907.092;247.767;0;1,1;0;1;0
906.422;247.869;0;1,1;0;1;0
905.753;247.972;0;1,1;0;1;0
905.085;248.077;0;1,1;0;1;0
904.419;248.183;0;1,1;0;1;0
903.754;248.29;0;1,1;0;1;0
903.09;248.399;0;1,1;0;1;0
902.428;248.509;0;1,1;0;1;0
901.768;248.62;0;1,1;0;1;0
901.108;248.732;0;1,1;0;1;0
900.45;248.846;0;1,1;0;1;0
899.794;248.961;0;1,1;0;1;0
899.139;249.077;0;1,1;0;1;0
898.485;249.195;0;1,1;0;1;0
897.833;249.314;0;1,1;0;1;0
897.182;249.434;0;1,1;0;1;0
896.533;249.556;0;1,1;0;1;0
895.885;249.678;0;1,1;0;1;0
895.238;249.802;0;1,1;0;1;0
894.593;249.928;0;1,1;0;1;0
893.949;250.054;0;1,1;0;1;0
893.306;250.182;0;1,1;0;1;0
892.665;250.311;0;1,1;0;1;0
892.025;250.442;0;1,1;0;1;0
891.387;250.573;0;1,1;0;1;0
890.75;250.706;0;1,1;0;1;0
890.114;250.841;0;1,1;0;1;0
889.48;250.976;0;1,1;0;1;0
888.847;251.113;0;1,1;0;1;0
888.216;251.251;0;1,1;0;1;0
887.585;251.39;0;1,1;0;1;0
886.956;251.53;0;1,1;0;1;0
886.329;251.672;0;1,1;0;1;0
885.703;251.815;0;1,1;0;1;0
885.078;251.959;0;1,1;0;1;0
884.455;252.105;0;1,1;0;1;0
883.833;252.251;0;1,1;0;1;0
883.212;252.399;0;1,1;0;1;0
882.593;252.549;0;1,1;0;1;0
881.975;252.699;0;1,1;0;1;0
881.358;252.851;0;1,1;0;1;0
880.743;253.003;0;1,1;0;1;0
880.129;253.158;0;1,1;0;1;0
879.516;253.313;0;1,1;0;1;0
878.905;253.469;0;1,1;0;1;0
878.295;253.627;0;1,1;0;1;0
877.686;253.786;0;1,1;0;1;0
877.079;253.946;0;1,1;0;1;0
876.473;254.108;0;1,1;0;1;0
875.868;254.27;0;1,1;0;1;0
875.265;254.434;0;1,1;0;1;0
874.663;254.599;0;1,1;0;1;0
874.062;254.766;0;1,1;0;1;0
873.463;254.933;0;1,1;0;1;0
872.865;255.102;0;1,1;0;1;0
872.268;255.272;0;1,1;0;1;0
871.673;255.443;0;1,1;0;1;0
871.079;255.615;0;1,1;0;1;0
870.486;255.788;0;1,1;0;1;0
869.895;255.963;0;1,1;0;1;0
869.305;256.139;0;1,1;0;1;0
868.716;256.316;0;1,1;0;1;0
868.128;256.494;0;1,1;0;1;0
867.542;256.674;0;1,1;0;1;0
866.957;256.854;0;1,1;0;1;0
866.373;257.036;0;1,1;0;1;0
865.791;257.219;0;1,1;0;1;0
865.21;257.403;0;1,1;0;1;0
864.63;257.589;0;1,1;0;1;0
864.052;257.775;0;1,1;0;1;0
863.474;257.963;0;1,1;0;1;0
862.898;258.152;0;1,1;0;1;0
862.324;258.342;0;1,1;0;1;0
861.75;258.533;0;1,1;0;1;0
861.178;258.725;0;1,1;0;1;0
860.608;258.919;0;1,1;0;1;0
860.038;259.113;0;1,1;0;1;0
859.47;259.309;0;1,1;0;1;0
858.903;259.506;0;1,1;0;1;0
858.337;259.704;0;1,1;0;1;0
857.773;259.903;0;1,1;0;1;0
857.21;260.104;0;1,1;0;1;0
856.648;260.305;0;1,1;0;1;0
856.087;260.508;0;1,1;0;1;0
855.528;260.712;0;1,1;0;1;0
854.97;260.917;0;1,1;0;1;0
854.413;261.123;0;1,1;0;1;0
853.857;261.33;0;1,1;0;1;0
853.303;261.539;0;1,1;0;1;0
852.75;261.748;0;1,1;0;1;0
852.198;261.959;0;1,1;0;1;0
851.647;262.171;0;1,1;0;1;0
851.098;262.383;0;1,1;0;1;0
850.55;262.598;0;1,1;0;1;0
850.003;262.813;0;1,1;0;1;0
849.457;263.029;0;1,1;0;1;0
848.913;263.246;0;1,1;0;1;0
848.37;263.465;0;1,1;0;1;0
847.828;263.684;0;1,1;0;1;0
847.287;263.905;0;1,1;0;1;0
846.748;264.127;0;1,1;0;1;0
846.21;264.35;0;1,1;0;1;0
845.672;264.574;0;1,1;0;1;0
845.137;264.799;0;1,1;0;1;0
844.602;265.025;0;1,1;0;1;0
844.069;265.253;0;1,1;0;1;0
843.537;265.481;0;1,1;0;1;0
843.006;265.711;0;1,1;0;1;0
842.476;265.941;0;1,1;0;1;0
841.948;266.173;0;1,1;0;1;0
841.42;266.406;0;1,1;0;1;0
840.894;266.64;0;1,1;0;1;0
840.369;266.875;0;1,1;0;1;0
839.846;267.111;0;1,1;0;1;0
839.323;267.348;0;1,1;0;1;0
838.802;267.586;0;1,1;0;1;0
838.282;267.825;0;1,1;0;1;0
837.763;268.066;0;1,1;0;1;0
837.245;268.307;0;1,1;0;1;0
836.729;268.55;0;1,1;0;1;0
836.214;268.793;0;1,1;0;1;0
835.699;269.038;0;1,1;0;1;0
835.187;269.284;0;1,1;0;1;0
834.675;269.53;0;1,1;0;1;0
834.164;269.778;0;1,1;0;1;0
833.655;270.027;0;1,1;0;1;0
833.147;270.277;0;1,1;0;1;0
832.64;270.528;0;1,1;0;1;0
832.134;270.78;0;1,1;0;1;0
831.629;271.033;0;1,1;0;1;0
831.126;271.287;0;1,1;0;1;0
830.624;271.543;0;1,1;0;1;0
830.123;271.799;0;1,1;0;1;0
829.623;272.056;0;1,1;0;1;0
829.124;272.314;0;1,1;0;1;0
828.626;272.574;0;1,1;0;1;0
828.13;272.834;0;1,1;0;1;0
827.634;273.095;0;1,1;0;1;0
827.14;273.358;0;1,1;0;1;0
826.647;273.621;0;1,1;0;1;0
826.155;273.886;0;1,1;0;1;0
825.665;274.151;0;1,1;0;1;0
825.175;274.418;0;1,1;0;1;0
824.687;274.686;0;1,1;0;1;0
824.199;274.954;0;1,1;0;1;0
823.713;275.224;0;1,1;0;1;0
823.228;275.494;0;1,1;0;1;0
822.745;275.766;0;1,1;0;1;0
822.262;276.039;0;1,1;0;1;0
821.78;276.312;0;1,1;0;1;0
821.3;276.587;0;1,1;0;1;0
820.82;276.863;0;1,1;0;1;0
820.342;277.139;0;1,1;0;1;0
819.865;277.417;0;1,1;0;1;0
819.389;277.695;0;1,1;0;1;0
818.915;277.975;0;1,1;0;1;0
818.441;278.256;0;1,1;0;1;0
817.969;278.537;0;1,1;0;1;0
817.497;278.82;0;1,1;0;1;0
817.027;279.104;0;1,1;0;1;0
816.557;279.388;0;1,1;0;1;0
816.089;279.674;0;1,1;0;1;0
815.622;279.96;0;1,1;0;1;0
815.157;280.248;0;1,1;0;1;0
814.692;280.536;0;1,1;0;1;0
814.228;280.826;0;1,1;0;1;0
813.766;281.116;0;1,1;0;1;0
813.304;281.408;0;1,1;0;1;0
812.844;281.7;0;1,1;0;1;0
812.384;281.994;0;1,1;0;1;0
811.926;282.288;0;1,1;0;1;0
811.469;282.583;0;1,1;0;1;0
811.013;282.88;0;1,1;0;1;0
810.559;283.177;0;1,1;0;1;0
810.105;283.475;0;1,1;0;1;0
809.652;283.774;0;1,1;0;1;0
809.2;284.074;0;1,1;0;1;0
808.75;284.375;0;1,1;0;1;0
808.3;284.677;0;1,1;0;1;0
807.852;284.98;0;1,1;0;1;0
807.405;285.284;0;1,1;0;1;0
806.958;285.589;0;1,1;0;1;0
806.513;285.894;0;1,1;0;1;0
806.069;286.201;0;1,1;0;1;0
805.626;286.509;0;1,1;0;1;0
805.184;286.817;0;1,1;0;1;0
804.744;287.127;0;1,1;0;1;0
804.304;287.437;0;1,1;0;1;0
803.865;287.748;0;1,1;0;1;0
803.427;288.061;0;1,1;0;1;0
802.991;288.374;0;1,1;0;1;0
802.555;288.688;0;1,1;0;1;0
802.12;289.003;0;1,1;0;1;0
801.687;289.319;0;1,1;0;1;0
801.255;289.636;0;1,1;0;1;0
800.823;289.954;0;1,1;0;1;0
800.393;290.272;0;1,1;0;1;0
799.963;290.592;0;1,1;0;1;0
799.535;290.912;0;1,1;0;1;0
799.108;291.234;0;1,1;0;1;0
798.682;291.556;0;1,1;0;1;0
798.257;291.879;0;1,1;0;1;0
797.833;292.203;0;1,1;0;1;0
797.409;292.528;0;1,1;0;1;0
796.987;292.854;0;1,1;0;1;0
796.566;293.181;0;1,1;0;1;0
796.146;293.509;0;1,1;0;1;0
795.727;293.837;0;1,1;0;1;0
795.31;294.167;0;1,1;0;1;0
794.892;294.497;0;1,1;0;1;0
794.477;294.828;0;1,1;0;1;0
794.062;295.16;0;1,1;0;1;0
793.648;295.493;0;1,1;0;1;0
793.235;295.827;0;1,1;0;1;0
792.823;296.162;0;1,1;0;1;0
792.412;296.497;0;1,1;0;1;0
792.003;296.834;0;1,1;0;1;0
791.594;297.171;0;1,1;0;1;0
791.186;297.51;0;1,1;0;1;0
790.779;297.849;0;1,1;0;1;0
790.373;298.189;0;1,1;0;1;0
789.968;298.529;0;1,1;0;1;0
789.565;298.871;0;1,1;0;1;0
789.161;299.213;0;1,1;0;1;0
788.76;299.557;0;1,1;0;1;0
788.359;299.901;0;1,1;0;1;0
787.959;300.246;0;1,1;0;1;0
787.56;300.592;0;1,1;0;1;0
787.162;300.939;0;1,1;0;1;0
786.765;301.286;0;1,1;0;1;0
786.369;301.635;0;1,1;0;1;0
785.974;301.984;0;1,1;0;1;0
785.58;302.334;0;1,1;0;1;0
785.187;302.685;0;1,1;0;1;0
784.795;303.037;0;1,1;0;1;0
784.404;303.389;0;1,1;0;1;0
784.014;303.743;0;1,1;0;1;0
783.625;304.097;0;1,1;0;1;0
783.237;304.452;0;1,1;0;1;0
782.85;304.808;0;1,1;0;1;0
782.464;305.165;0;1,1;0;1;0
782.078;305.522;0;1,1;0;1;0
781.694;305.88;0;1,1;0;1;0
781.31;306.24;0;1,1;0;1;0
780.928;306.6;0;1,1;0;1;0
780.546;306.96;0;1,1;0;1;0
780.166;307.322;0;1,1;0;1;0
779.786;307.684;0;1,1;0;1;0
779.408;308.048;0;1,1;0;1;0
779.03;308.412;0;1,1;0;1;0
778.653;308.776;0;1,1;0;1;0
778.278;309.142;0;1,1;0;1;0
777.903;309.508;0;1,1;0;1;0
777.529;309.876;0;1,1;0;1;0
777.156;310.244;0;1,1;0;1;0
776.784;310.612;0;1,1;0;1;0
776.413;310.982;0;1,1;0;1;0
776.042;311.352;0;1,1;0;1;0
775.673;311.723;0;1,1;0;1;0
775.305;312.095;0;1,1;0;1;0
774.937;312.468;0;1,1;0;1;0
774.571;312.841;0;1,1;0;1;0
774.205;313.216;0;1,1;0;1;0
773.84;313.591;0;1,1;0;1;0
773.477;313.966;0;1,1;0;1;0
773.114;314.343;0;1,1;0;1;0
772.752;314.72;0;1,1;0;1;0
772.391;315.098;0;1,1;0;1;0
772.031;315.477;0;1,1;0;1;0
771.672;315.857;0;1,1;0;1;0
771.313;316.237;0;1,1;0;1;0
770.956;316.618;0;1,1;0;1;0
770.599;317;0;1,1;0;1;0
770.244;317.383;0;1,1;0;1;0
769.889;317.766;0;1,1;0;1;0
769.535;318.15;0;1,1;0;1;0
769.182;318.535;0;1,1;0;1;0
768.83;318.921;0;1,1;0;1;0
768.479;319.307;0;1,1;0;1;0
768.129;319.694;0;1,1;0;1;0
767.78;320.082;0;1,1;0;1;0
767.431;320.47;0;1,1;0;1;0
767.083;320.86;0;1,1;0;1;0
766.737;321.25;0;1,1;0;1;0
766.391;321.641;0;1,1;0;1;0
766.046;322.032;0;1,1;0;1;0
765.702;322.424;0;1,1;0;1;0
765.358;322.817;0;1,1;0;1;0
765.016;323.211;0;1,1;0;1;0
764.674;323.605;0;1,1;0;1;0
764.334;324;0;1,1;0;1;0
763.994;324.396;0;1,1;0;1;0
763.655;324.793;0;1,1;0;1;0
763.317;325.19;0;1,1;0;1;0
762.98;325.588;0;1,1;0;1;0
762.643;325.986;0;1,1;0;1;0
762.308;326.386;0;1,1;0;1;0
761.973;326.786;0;1,1;0;1;0
761.64;327.186;0;1,1;0;1;0
761.307;327.588;0;1,1;0;1;0
760.975;327.99;0;1,1;0;1;0
760.643;328.393;0;1,1;0;1;0
760.313;328.796;0;1,1;0;1;0
759.983;329.201;0;1,1;0;1;0
759.655;329.605;0;1,1;0;1;0
759.327;330.011;0;1,1;0;1;0
759;330.417;0;1,1;0;1;0
758.673;330.824;0;1,1;0;1;0
758.348;331.232;0;1,1;0;1;0
758.023;331.64;0;1,1;0;1;0
757.7;332.049;0;1,1;0;1;0
757.377;332.459;0;1,1;0;1;0
757.055;332.869;0;1,1;0;1;0
756.733;333.28;0;1,1;0;1;0
756.413;333.692;0;1,1;0;1;0
756.093;334.104;0;1,1;0;1;0
755.774;334.517;0;1,1;0;1;0
755.456;334.931;0;1,1;0;1;0
755.139;335.345;0;1,1;0;1;0
754.823;335.76;0;1,1;0;1;0
754.507;336.176;0;1,1;0;1;0
754.192;336.592;0;1,1;0;1;0
753.878;337.009;0;1,1;0;1;0
753.565;337.427;0;1,1;0;1;0
753.253;337.845;0;1,1;0;1;0
752.941;338.264;0;1,1;0;1;0
752.631;338.683;0;1,1;0;1;0
752.32;339.103;0;1,1;0;1;0
752.011;339.524;0;1,1;0;1;0
751.703;339.945;0;1,1;0;1;0
751.395;340.368;0;1,1;0;1;0
751.088;340.79;0;1,1;0;1;0
750.782;341.214;0;1,1;0;1;0
750.477;341.638;0;1,1;0;1;0
750.173;342.062;0;1,1;0;1;0
749.869;342.487;0;1,1;0;1;0
749.566;342.913;0;1,1;0;1;0
749.264;343.34;0;1,1;0;1;0
748.963;343.767;0;1,1;0;1;0
748.662;344.194;0;1,1;0;1;0
748.362;344.623;0;1,1;0;1;0
748.063;345.052;0;1,1;0;1;0
747.765;345.481;0;1,1;0;1;0
747.467;345.911;0;1,1;0;1;0
747.17;346.342;0;1,1;0;1;0
746.874;346.773;0;1,1;0;1;0
746.579;347.205;0;1,1;0;1;0
746.284;347.638;0;1,1;0;1;0
745.991;348.071;0;1,1;0;1;0
745.698;348.505;0;1,1;0;1;0
745.405;348.939;0;1,1;0;1;0
745.114;349.374;0;1,1;0;1;0
744.823;349.809;0;1,1;0;1;0
744.533;350.245;0;1,1;0;1;0
744.244;350.682;0;1,1;0;1;0
743.955;351.119;0;1,1;0;1;0
743.667;351.557;0;1,1;0;1;0
743.38;351.995;0;1,1;0;1;0
743.094;352.435;0;1,1;0;1;0
742.808;352.874;0;1,1;0;1;0
742.524;353.314;0;1,1;0;1;0
742.239;353.755;0;1,1;0;1;0
741.956;354.196;0;1,1;0;1;0
741.673;354.638;0;1,1;0;1;0
741.391;355.08;0;1,1;0;1;0
741.11;355.523;0;1,1;0;1;0
740.83;355.967;0;1,1;0;1;0
740.55;356.411;0;1,1;0;1;0
740.271;356.856;0;1,1;0;1;0
739.992;357.301;0;1,1;0;1;0
739.715;357.747;0;1,1;0;1;0
739.438;358.193;0;1,1;0;1;0
739.161;358.64;0;1,1;0;1;0
738.886;359.087;0;1,1;0;1;0
738.611;359.535;0;1,1;0;1;0
738.337;359.983;0;1,1;0;1;0
738.063;360.432;0;1,1;0;1;0
737.791;360.882;0;1,1;0;1;0
737.519;361.332;0;1,1;0;1;0
737.247;361.783;0;1,1;0;1;0
736.977;362.234;0;1,1;0;1;0
736.706;362.685;0;1,1;0;1;0
736.437;363.138;0;1,1;0;1;0
736.169;363.59;0;1,1;0;1;0
735.901;364.044;0;1,1;0;1;0
735.634;364.497;0;1,1;0;1;0
735.367;364.952;0;1,1;0;1;0
735.101;365.406;0;1,1;0;1;0
734.836;365.862;0;1,1;0;1;0
734.571;366.318;0;1,1;0;1;0
734.308;366.774;0;1,1;0;1;0
734.044;367.231;0;1,1;0;1;0
733.782;367.688;0;1,1;0;1;0
733.52;368.146;0;1,1;0;1;0
733.259;368.604;0;1,1;0;1;0
732.998;369.063;0;1,1;0;1;0
732.739;369.523;0;1,1;0;1;0
732.479;369.983;0;1,1;0;1;0
732.221;370.443;0;1,1;0;1;0
731.963;370.904;0;1,1;0;1;0
731.706;371.365;0;1,1;0;1;0
731.449;371.827;0;1,1;0;1;0
731.193;372.289;0;1,1;0;1;0
730.938;372.752;0;1,1;0;1;0
730.683;373.215;0;1,1;0;1;0
730.429;373.679;0;1,1;0;1;0
730.176;374.143;0;1,1;0;1;0
729.923;374.608;0;1,1;0;1;0
729.671;375.073;0;1,1;0;1;0
729.42;375.539;0;1,1;0;1;0
729.169;376.005;0;1,1;0;1;0
728.919;376.471;0;1,1;0;1;0
728.669;376.939;0;1,1;0;1;0
728.42;377.406;0;1,1;0;1;0
728.172;377.874;0;1,1;0;1;0
727.924;378.342;0;1,1;0;1;0
727.677;378.811;0;1,1;0;1;0
727.431;379.281;0;1,1;0;1;0
727.185;379.75;0;1,1;0;1;0
726.94;380.221;0;1,1;0;1;0
726.696;380.691;0;1,1;0;1;0
726.451;381.163;0;1,1;0;1;0
726.208;381.634;0;1,1;0;1;0
725.965;382.106;0;1,1;0;1;0
725.723;382.579;0;1,1;0;1;0
725.482;383.051;0;1,1;0;1;0
725.241;383.525;0;1,1;0;1;0
725.001;383.999;0;1,1;0;1;0
724.761;384.473;0;1,1;0;1;0
724.522;384.947;0;1,1;0;1;0
724.283;385.423;0;1,1;0;1;0
724.045;385.898;0;1,1;0;1;0
723.808;386.374;0;1,1;0;1;0
723.571;386.85;0;1,1;0;1;0
723.335;387.327;0;1,1;0;1;0
723.1;387.804;0;1,1;0;1;0
722.865;388.282;0;1,1;0;1;0
722.63;388.76;0;1,1;0;1;0
722.397;389.238;0;1,1;0;1;0
722.163;389.717;0;1,1;0;1;0
721.931;390.196;0;1,1;0;1;0
721.699;390.676;0;1,1;0;1;0
721.467;391.156;0;1,1;0;1;0
721.236;391.636;0;1,1;0;1;0
721.006;392.117;0;1,1;0;1;0
720.776;392.599;0;1,1;0;1;0
720.547;393.08;0;1,1;0;1;0
720.318;393.562;0;1,1;0;1;0
720.09;394.045;0;1,1;0;1;0
719.862;394.527;0;1,1;0;1;0
719.635;395.011;0;1,1;0;1;0
719.409;395.494;0;1,1;0;1;0
719.183;395.978;0;1,1;0;1;0
718.958;396.462;0;1,1;0;1;0
718.733;396.947;0;1,1;0;1;0
718.509;397.432;0;1,1;0;1;0
718.285;397.918;0;1,1;0;1;0
718.062;398.404;0;1,1;0;1;0
717.84;398.89;0;1,1;0;1;0
717.617;399.376;0;1,1;0;1;0
717.396;399.863;0;1,1;0;1;0
717.175;400.351;0;1,1;0;1;0
716.955;400.838;0;1,1;0;1;0
716.735;401.326;0;1,1;0;1;0
716.515;401.815;0;1,1;0;1;0
716.296;402.303;0;1,1;0;1;0
716.078;402.792;0;1,1;0;1;0
715.86;403.282;0;1,1;0;1;0
715.643;403.772;0;1,1;0;1;0
715.426;404.262;0;1,1;0;1;0
715.21;404.752;0;1,1;0;1;0
714.994;405.243;0;1,1;0;1;0
714.779;405.734;0;1,1;0;1;0
714.564;406.226;0;1,1;0;1;0
714.35;406.718;0;1,1;0;1;0
714.137;407.21;0;1,1;0;1;0
713.923;407.702;0;1,1;0;1;0
713.711;408.195;0;1,1;0;1;0
713.499;408.688;0;1,1;0;1;0
713.287;409.182;0;1,1;0;1;0
713.076;409.676;0;1,1;0;1;0
712.865;410.17;0;1,1;0;1;0
712.655;410.664;0;1,1;0;1;0
712.445;411.159;0;1,1;0;1;0
712.236;411.654;0;1,1;0;1;0
712.027;412.15;0;1,1;0;1;0
711.819;412.645;0;1,1;0;1;0
711.612;413.142;0;1,1;0;1;0
711.404;413.638;0;1,1;0;1;0
711.198;414.135;0;1,1;0;1;0
710.991;414.631;0;1,1;0;1;0
710.786;415.129;0;1,1;0;1;0
710.58;415.626;0;1,1;0;1;0
710.376;416.124;0;1,1;0;1;0
710.171;416.622;0;1,1;0;1;0
709.967;417.121;0;1,1;0;1;0
709.764;417.619;0;1,1;0;1;0
709.561;418.119;0;1,1;0;1;0
709.359;418.618;0;1,1;0;1;0
709.157;419.117;0;1,1;0;1;0
708.955;419.617;0;1,1;0;1;0
708.754;420.118;0;1,1;0;1;0
708.553;420.618;0;1,1;0;1;0
708.353;421.119;0;1,1;0;1;0
708.153;421.62;0;1,1;0;1;0
707.954;422.121;0;1,1;0;1;0
707.755;422.622;0;1,1;0;1;0
707.557;423.124;0;1,1;0;1;0
707.359;423.626;0;1,1;0;1;0
707.161;424.129;0;1,1;0;1;0
706.965;424.631;0;1,1;0;1;0
706.768;425.134;0;1,1;0;1;0
706.572;425.637;0;1,1;0;1;0
706.376;426.141;0;1,1;0;1;0
706.181;426.644;0;1,1;0;1;0
705.986;427.148;0;1,1;0;1;0
705.792;427.652;0;1,1;0;1;0
705.597;428.157;0;1,1;0;1;0
705.404;428.661;0;1,1;0;1;0
705.211;429.166;0;1,1;0;1;0
705.018;429.671;0;1,1;0;1;0
704.826;430.177;0;1,1;0;1;0
704.634;430.682;0;1,1;0;1;0
704.442;431.188;0;1,1;0;1;0
704.251;431.694;0;1,1;0;1;0
704.061;432.201;0;1,1;0;1;0
703.871;432.707;0;1,1;0;1;0
703.681;433.214;0;1,1;0;1;0
703.491;433.721;0;1,1;0;1;0
703.302;434.228;0;1,1;0;1;0
703.114;434.736;0;1,1;0;1;0
702.926;435.243;0;1,1;0;1;0
702.738;435.751;0;1,1;0;1;0
702.55;436.259;0;1,1;0;1;0
702.364;436.767;0;1,1;0;1;0
702.177;437.276;0;1,1;0;1;0
701.991;437.785;0;1,1;0;1;0
701.805;438.294;0;1,1;0;1;0
701.619;438.803;0;1,1;0;1;0
701.434;439.312;0;1,1;0;1;0
701.25;439.822;0;1,1;0;1;0
701.066;440.331;0;1,1;0;1;0
700.882;440.841;0;1,1;0;1;0
700.698;441.351;0;1,1;0;1;0
700.515;441.862;0;1,1;0;1;0
700.332;442.372;0;1,1;0;1;0
700.15;442.883;0;1,1;0;1;0
699.968;443.394;0;1,1;0;1;0
699.786;443.905;0;1,1;0;1;0
699.605;444.416;0;1,1;0;1;0
699.424;444.927;0;1,1;0;1;0
699.243;445.439;0;1,1;0;1;0
699.063;445.951;0;1,1;0;1;0
698.883;446.463;0;1,1;0;1;0
698.704;446.975;0;1,1;0;1;0
698.525;447.487;0;1,1;0;1;0
698.346;448;0;1,1;0;1;0
698.168;448.512;0;1,1;0;1;0
697.99;449.025;0;1,1;0;1;0
697.812;449.538;0;1,1;0;1;0
697.635;450.051;0;1,1;0;1;0
697.458;450.564;0;1,1;0;1;0
697.281;451.078;0;1,1;0;1;0
697.105;451.591;0;1,1;0;1;0
696.929;452.105;0;1,1;0;1;0
696.753;452.619;0;1,1;0;1;0
696.578;453.133;0;1,1;0;1;0
696.403;453.647;0;1,1;0;1;0
696.228;454.162;0;1,1;0;1;0
696.054;454.676;0;1,1;0;1;0
695.88;455.191;0;1,1;0;1;0
695.706;455.705;0;1,1;0;1;0
695.533;456.22;0;1,1;0;1;0
695.36;456.735;0;1,1;0;1;0
695.187;457.25;0;1,1;0;1;0
695.015;457.766;0;1,1;0;1;0
694.843;458.281;0;1,1;0;1;0
694.671;458.797;0;1,1;0;1;0
694.499;459.312;0;1,1;0;1;0
694.328;459.828;0;1,1;0;1;0
694.157;460.344;0;1,1;0;1;0
693.987;460.86;0;1,1;0;1;0
693.817;461.376;0;1,1;0;1;0
693.647;461.892;0;1,1;0;1;0
693.477;462.408;0;1,1;0;1;0
693.308;462.925;0;1,1;0;1;0
693.139;463.441;0;1,1;0;1;0
692.97;463.958;0;1,1;0;1;0
692.802;464.475;0;1,1;0;1;0
692.634;464.992;0;1,1;0;1;0
692.466;465.509;0;1,1;0;1;0
692.298;466.026;0;1,1;0;1;0
692.131;466.543;0;1,1;0;1;0
691.964;467.06;0;1,1;0;1;0
691.797;467.577;0;1,1;0;1;0
691.631;468.095;0;1,1;0;1;0
691.464;468.612;0;1,1;0;1;0
691.299;469.13;0;1,1;0;1;0
691.133;469.647;0;1,1;0;1;0
690.968;470.165;0;1,1;0;1;0
690.803;470.683;0;1,1;0;1;0
690.638;471.201;0;1,1;0;1;0
690.473;471.719;0;1,1;0;1;0
690.309;472.237;0;1,1;0;1;0
690.145;472.755;0;1,1;0;1;0
689.981;473.273;0;1,1;0;1;0
689.818;473.791;0;1,1;0;1;0
689.655;474.31;0;1,1;0;1;0
689.492;474.828;0;1,1;0;1;0
689.329;475.346;0;1,1;0;1;0
689.166;475.865;0;1,1;0;1;0
689.004;476.383;0;1,1;0;1;0
688.842;476.902;0;1,1;0;1;0
688.68;477.42;0;1,1;0;1;0
688.519;477.939;0;1,1;0;1;0
688.358;478.458;0;1,1;0;1;0
688.197;478.977;0;1,1;0;1;0
688.036;479.495;0;1,1;0;1;0
687.875;480.014;0;1,1;0;1;0
687.715;480.533;0;1,1;0;1;0
687.555;481.052;0;1,1;0;1;0
687.395;481.571;0;1,1;0;1;0
687.236;482.09;0;1,1;0;1;0
687.076;482.609;0;1,1;0;1;0
686.917;483.128;0;1,1;0;1;0
686.758;483.647;0;1,1;0;1;0
686.599;484.166;0;1,1;0;1;0
686.441;484.685;0;1,1;0;1;0
686.283;485.204;0;1,1;0;1;0
686.124;485.723;0;1,1;0;1;0
685.967;486.243;0;1,1;0;1;0
685.809;486.762;0;1,1;0;1;0
685.652;487.281;0;1,1;0;1;0
685.494;487.8;0;1,1;0;1;0
685.337;488.319;0;1,1;0;1;0
685.18;488.839;0;1,1;0;1;0
685.024;489.358;0;1,1;0;1;0
684.867;489.877;0;1,1;0;1;0
684.711;490.396;0;1,1;0;1;0
684.555;490.915;0;1,1;0;1;0
684.399;491.435;0;1,1;0;1;0
684.244;491.954;0;1,1;0;1;0
684.088;492.473;0;1,1;0;1;0
683.933;492.992;0;1,1;0;1;0
683.778;493.511;0;1,1;0;1;0
683.623;494.03;0;1,1;0;1;0
683.468;494.549;0;1,1;0;1;0
683.313;495.069;0;1,1;0;1;0
683.159;495.588;0;1,1;0;1;0
683.005;496.107;0;1,1;0;1;0
682.851;496.626;0;1,1;0;1;0
682.697;497.145;0;1,1;0;1;0
682.543;497.664;0;1,1;0;1;0
682.39;498.183;0;1,1;0;1;0
682.237;498.701;0;1,1;0;1;0
682.083;499.22;0;1,1;0;1;0
681.93;499.739;0;1,1;0;1;0
681.777;500.258;0;1,1;0;1;0
681.625;500.777;0;1,1;0;1;0
681.472;501.295;0;1,1;0;1;0
681.32;501.814;0;1,1;0;1;0
681.168;502.333;0;1,1;0;1;0
681.016;502.851;0;1,1;0;1;0
680.864;503.37;0;1,1;0;1;0
680.712;503.888;0;1,1;0;1;0
680.56;504.406;0;1,1;0;1;0
680.409;504.925;0;1,1;0;1;0
680.257;505.443;0;1,1;0;1;0
680.106;505.961;0;1,1;0;1;0
679.955;506.479;0;1,1;0;1;0
679.804;506.997;0;1,1;0;1;0
679.653;507.515;0;1,1;0;1;0
679.502;508.033;0;1,1;0;1;0
679.352;508.551;0;1,1;0;1;0
679.201;509.069;0;1,1;0;1;0
679.051;509.587;0;1,1;0;1;0
678.901;510.104;0;1,1;0;1;0
678.751;510.622;0;1,1;0;1;0
678.601;511.139;0;1,1;0;1;0
678.451;511.657;0;1,1;0;1;0
678.301;512.174;0;1,1;0;1;0
678.152;512.691;0;1,1;0;1;0
678.002;513.208;0;1,1;0;1;0
677.853;513.725;0;1,1;0;1;0
677.704;514.242;0;1,1;0;1;0
677.555;514.759;0;1,1;0;1;0
677.406;515.276;0;1,1;0;1;0
677.257;515.792;0;1,1;0;1;0
677.108;516.309;0;1,1;0;1;0
676.959;516.825;0;1,1;0;1;0
676.81;517.341;0;1,1;0;1;0
676.662;517.858;0;1,1;0;1;0
676.513;518.374;0;1,1;0;1;0
676.365;518.89;0;1,1;0;1;0
676.217;519.405;0;1,1;0;1;0
676.068;519.921;0;1,1;0;1;0
675.92;520.437;0;1,1;0;1;0
675.772;520.952;0;1,1;0;1;0
675.624;521.468;0;1,1;0;1;0
675.477;521.983;0;1,1;0;1;0
675.329;522.498;0;1,1;0;1;0
675.181;523.013;0;1,1;0;1;0
675.033;523.528;0;1,1;0;1;0
674.886;524.042;0;1,1;0;1;0
674.738;524.557;0;1,1;0;1;0
674.591;525.071;0;1,1;0;1;0
674.444;525.585;0;1,1;0;1;0
674.296;526.1;0;1,1;0;1;0
674.149;526.614;0;1,1;0;1;0
674.002;527.127;0;1,1;0;1;0
673.855;527.641;0;1,1;0;1;0
673.708;528.155;0;1,1;0;1;0
673.561;528.668;0;1,1;0;1;0
673.414;529.181;0;1,1;0;1;0
673.267;529.694;0;1,1;0;1;0
673.12;530.207;0;1,1;0;1;0
672.973;530.72;0;1,1;0;1;0
672.826;531.232;0;1,1;0;1;0
672.68;531.745;0;1,1;0;1;0
672.533;532.257;0;1,1;0;1;0
672.386;532.769;0;1,1;0;1;0
672.24;533.281;0;1,1;0;1;0
672.093;533.793;0;1,1;0;1;0
671.947;534.304;0;1,1;0;1;0
671.8;534.816;0;1,1;0;1;0
671.654;535.327;0;1,1;0;1;0
671.507;535.838;0;1,1;0;1;0
671.361;536.349;0;1,1;0;1;0
671.215;536.859;0;1,1;0;1;0
671.068;537.37;0;1,1;0;1;0
670.922;537.88;0;1,1;0;1;0
670.776;538.39;0;1,1;0;1;0
670.629;538.9;0;1,1;0;1;0
670.483;539.409;0;1,1;0;1;0
670.337;539.919;0;1,1;0;1;0
670.19;540.428;0;1,1;0;1;0
670.044;540.937;0;1,1;0;1;0
669.898;541.446;0;1,1;0;1;0
669.752;541.955;0;1,1;0;1;0
669.605;542.463;0;1,1;0;1;0
669.459;542.971;0;1,1;0;1;0
669.313;543.479;0;1,1;0;1;0
669.167;543.987;0;1,1;0;1;0
669.02;544.495;0;1,1;0;1;0
668.874;545.002;0;1,1;0;1;0
668.728;545.509;0;1,1;0;1;0
668.582;546.016;0;1,1;0;1;0
668.435;546.523;0;1,1;0;1;0
668.289;547.029;0;1,1;0;1;0
668.143;547.535;0;1,1;0;1;0
667.996;548.041;0;1,1;0;1;0
667.85;548.547;0;1,1;0;1;0
667.704;549.053;0;1,1;0;1;0
667.557;549.558;0;1,1;0;1;0
667.411;550.063;0;1,1;0;1;0
667.264;550.568;0;1,1;0;1;0
667.118;551.072;0;1,1;0;1;0
666.971;551.576;0;1,1;0;1;0
666.825;552.081;0;1,1;0;1;0
666.678;552.584;0;1,1;0;1;0
666.531;553.088;0;1,1;0;1;0
666.385;553.591;0;1,1;0;1;0
666.238;554.094;0;1,1;0;1;0
666.091;554.597;0;1,1;0;1;0
665.944;555.099;0;1,1;0;1;0
665.798;555.602;0;1,1;0;1;0
665.651;556.104;0;1,1;0;1;0
665.504;556.605;0;1,1;0;1;0
665.357;557.107;0;1,1;0;1;0
665.21;557.608;0;1,1;0;1;0
665.063;558.109;0;1,1;0;1;0
664.915;558.609;0;1,1;0;1;0
664.768;559.11;0;1,1;0;1;0
664.621;559.61;0;1,1;0;1;0
664.474;560.11;0;1,1;0;1;0
664.326;560.609;0;1,1;0;1;0
664.179;561.108;0;1,1;0;1;0
664.031;561.607;0;1,1;0;1;0
663.883;562.106;0;1,1;0;1;0
663.736;562.604;0;1,1;0;1;0
663.588;563.102;0;1,1;0;1;0
663.44;563.6;0;1,1;0;1;0
663.292;564.098;0;1,1;0;1;0
663.144;564.595;0;1,1;0;1;0
662.996;565.091;0;1,1;0;1;0
662.848;565.588;0;1,1;0;1;0
662.7;566.084;0;1,1;0;1;0
662.551;566.58;0;1,1;0;1;0
662.403;567.076;0;1,1;0;1;0
662.254;567.571;0;1,1;0;1;0
662.106;568.066;0;1,1;0;1;0
661.957;568.561;0;1,1;0;1;0
661.808;569.055;0;1,1;0;1;0
661.659;569.549;0;1,1;0;1;0
661.51;570.043;0;1,1;0;1;0
661.361;570.536;0;1,1;0;1;0
661.212;571.029;0;1,1;0;1;0
661.062;571.522;0;1,1;0;1;0
660.913;572.014;0;1,1;0;1;0
660.763;572.506;0;1,1;0;1;0
660.613;572.998;0;1,1;0;1;0
660.464;573.49;0;1,1;0;1;0
660.314;573.981;0;1,1;0;1;0
660.164;574.471;0;1,1;0;1;0
660.013;574.962;0;1,1;0;1;0
659.863;575.452;0;1,1;0;1;0
659.713;575.941;0;1,1;0;1;0
659.562;576.431;0;1,1;0;1;0
659.411;576.92;0;1,1;0;1;0
659.261;577.408;0;1,1;0;1;0
659.11;577.896;0;1,1;0;1;0
658.959;578.384;0;1,1;0;1;0
658.807;578.872;0;1,1;0;1;0
658.656;579.359;0;1,1;0;1;0
658.505;579.846;0;1,1;0;1;0
658.353;580.332;0;1,1;0;1;0
658.201;580.818;0;1,1;0;1;0
658.049;581.304;0;1,1;0;1;0
657.897;581.789;0;1,1;0;1;0
657.745;582.274;0;1,1;0;1;0
657.592;582.759;0;1,1;0;1;0
657.44;583.243;0;1,1;0;1;0
657.287;583.727;0;1,1;0;1;0
657.134;584.21;0;1,1;0;1;0
656.981;584.693;0;1,1;0;1;0
656.828;585.176;0;1,1;0;1;0
656.675;585.658;0;1,1;0;1;0
656.521;586.14;0;1,1;0;1;0
656.368;586.622;0;1,1;0;1;0
656.214;587.103;0;1,1;0;1;0
656.06;587.583;0;1,1;0;1;0
655.905;588.064;0;1,1;0;1;0
655.751;588.544;0;1,1;0;1;0
655.597;589.023;0;1,1;0;1;0
655.442;589.502;0;1,1;0;1;0
655.287;589.981;0;1,1;0;1;0
655.132;590.459;0;1,1;0;1;0
654.977;590.937;0;1,1;0;1;0
654.821;591.414;0;1,1;0;1;0
654.665;591.891;0;1,1;0;1;0
654.51;592.368;0;1,1;0;1;0
654.354;592.844;0;1,1;0;1;0
654.197;593.32;0;1,1;0;1;0
654.041;593.795;0;1,1;0;1;0
653.884;594.27;0;1,1;0;1;0
653.727;594.745;0;1,1;0;1;0
653.57;595.219;0;1,1;0;1;0
653.413;595.692;0;1,1;0;1;0
653.256;596.165;0;1,1;0;1;0
653.098;596.638;0;1,1;0;1;0
652.94;597.11;0;1,1;0;1;0
652.782;597.582;0;1,1;0;1;0
652.624;598.054;0;1,1;0;1;0
652.465;598.525;0;1,1;0;1;0
652.307;598.995;0;1,1;0;1;0
652.148;599.465;0;1,1;0;1;0
651.989;599.935;0;1,1;0;1;0
651.829;600.404;0;1,1;0;1;0
651.669;600.873;0;1,1;0;1;0
651.51;601.341;0;1,1;0;1;0
651.35;601.809;0;1,1;0;1;0
651.189;602.276;0;1,1;0;1;0
651.029;602.743;0;1,1;0;1;0
650.868;603.209;0;1,1;0;1;0
650.707;603.675;0;1,1;0;1;0
650.546;604.141;0;1,1;0;1;0
650.384;604.606;0;1,1;0;1;0
650.223;605.07;0;1,1;0;1;0
650.061;605.534;0;1,1;0;1;0
649.898;605.998;0;1,1;0;1;0
649.736;606.461;0;1,1;0;1;0
649.573;606.924;0;1,1;0;1;0
649.41;607.386;0;1,1;0;1;0
649.247;607.847;0;1,1;0;1;0
649.083;608.309;0;1,1;0;1;0
648.92;608.769;0;1,1;0;1;0
648.756;609.229;0;1,1;0;1;0
648.591;609.689;0;1,1;0;1;0
648.427;610.148;0;1,1;0;1;0
648.262;610.607;0;1,1;0;1;0
648.097;611.065;0;1,1;0;1;0
647.932;611.523;0;1,1;0;1;0
647.766;611.98;0;1,1;0;1;0
647.6;612.437;0;1,1;0;1;0
647.434;612.893;0;1,1;0;1;0
647.268;613.348;0;1,1;0;1;0
647.101;613.803;0;1,1;0;1;0
646.934;614.258;0;1,1;0;1;0
646.767;614.712;0;1,1;0;1;0
646.599;615.166;0;1,1;0;1;0
646.431;615.619;0;1,1;0;1;0
646.263;616.071;0;1,1;0;1;0
646.095;616.523;0;1,1;0;1;0
645.926;616.975;0;1,1;0;1;0
645.757;617.426;0;1,1;0;1;0
645.588;617.876;0;1,1;0;1;0
645.418;618.326;0;1,1;0;1;0
645.248;618.775;0;1,1;0;1;0
645.078;619.224;0;1,1;0;1;0
644.907;619.672;0;1,1;0;1;0
644.737;620.12;0;1,1;0;1;0
644.565;620.567;0;1,1;0;1;0
644.394;621.014;0;1,1;0;1;0
644.222;621.46;0;1,1;0;1;0
644.05;621.906;0;1,1;0;1;0
643.878;622.35;0;1,1;0;1;0
643.705;622.795;0;1,1;0;1;0
643.532;623.239;0;1,1;0;1;0
643.359;623.682;0;1,1;0;1;0
643.185;624.125;0;1,1;0;1;0
643.011;624.567;0;1,1;0;1;0
642.837;625.009;0;1,1;0;1;0
642.662;625.45;0;1,1;0;1;0
642.487;625.89;0;1,1;0;1;0
642.312;626.33;0;1,1;0;1;0
642.136;626.769;0;1,1;0;1;0
641.96;627.208;0;1,1;0;1;0
641.784;627.646;0;1,1;0;1;0
641.607;628.084;0;1,1;0;1;0
641.43;628.521;0;1,1;0;1;0
641.253;628.957;0;1,1;0;1;0
641.075;629.393;0;1,1;0;1;0
640.897;629.829;0;1,1;0;1;0
640.719;630.263;0;1,1;0;1;0
640.54;630.697;0;1,1;0;1;0
640.361;631.131;0;1,1;0;1;0
640.181;631.564;0;1,1;0;1;0
640.002;631.996;0;1,1;0;1;0
